0.89970821028211012
-0.078733416497841657
-0.30688374550514397
0.95697485424272521
-0.90034950332829311
0.1304767907467683
0.67178265692711503
0.98984181469826726
1.1165702388359782
0.9000064222642008
0.31743574732110957
0.83746527232814838
-0.97618697632329432
-0.3483789307488438
-0.76810500891949074
-0.89972004703966257
1.1687593635200535
0.90383339209356883
-0.90029226031014276
-0.32870064832445034
1.1001584871914158
-1.1004173778812174
-0.89965246693551082
-0.8947486082500461
-0.89137864381901999
-1.0956958941640771
-0.67232355712185932
-1.06596908363612
0.66835261359669806
-0.90021436174858194
0.66002058328643864
0.36712359781626858
-1.0583274088834378
0.8999660645802845
0.93289057297215039
1.0197536560351426
0.99995871708052109
-0.92904262994283515
-1.040621309084149
-0.83990906511419061
0.19056668074445901
-1.1000361214476919
-0.86947319166378645
-0.90029672043438036
-0.11933011258403829
-1.0833038656770815
0.41069499373540896
-0.39175551617810905
0.5353874362680171
0.91721010150686944
0.77736859760191956
-1.3602108296693243
-0.88747046834838184
-0.92017829028517639
-1.1317806204553174
-0.99982358041778729
0.58766877685717844
-1.015505880249554
-0.27294443844044813
0.47279047472458247
-0.49017816881004828
0.90006243242483452
-1.0889692942966016
-1.0785788751172161
-0.80881984487831338
1.0230154477343631
-0.48288217459781269
-0.83136022879636928
-0.88990210426183258
-1.0225605754017466
1.1000540936501293
-0.63031308744471648
-0.89973862542927874
-0.98909545872659732
-0.72988316376666951
1.068563726493905
-0.05405445731929362
-1.0585946535628499
-1.0734706404954069
-1.0999830044257739
0.89961822122104196
0.87977659980774625
0.88456268060558707
-0.82798318213677335
0.6106191151558662
-0.57879861353208939
-1.1001328976470193
-0.2620440301029664
-1.077008435029396
0.85898913288109036
-0.97804231671897457
-1.0230141802757151
1.1326200746400372
0.44068979854610058
0.71392107760268031
0.41776173825196661
-0.5890298796484319
0.39352907169434281
-0.19360333704230107
-1.1001967380603388
-1.0614737239882002
-0.32293493152436037
-1.0549388608023555
0.89986498912566204
0.96154619458129642
0.60661847202502506
-0.52966891638022673
0.89996737354727241
0.73983010471415978
-1.1001061194099337
0.02991264572472499
-1.0789064368323149
-0.96468981060237757
-1.0996189006042305
-1.0892321604925199
-1.1002585225683217
0.71459017623861287
1.0414539849128779
-0.89985670318871158
1.0027200127076845
0.90027860647044422
0.89979468801671825
1.1002545690923098
-1.0101827605158942
-0.40291239937516832
-0.97605256946963859
1.0919217885060537
-1.0929139766106417
-0.83606143812272571
0.77723715435295215
0.068574002256937744
0.25535314186337965
-1.0184479595598179
0.72773067273793735
0.35613883955974879
-0.7202190837591198
-1.0137552782657673
0.44668122546482469
-1.0007945875299218
0.53576830840274892
1.1001196996529217
-0.82337704969921066
0.41425029763991894
-0.76789393674771178
0.19405228417121431
1.1206689698622483
-0.65105147445550016
0.90015724552660781
0.89961348243391748
-1.1002854120087258
-1.1001326764020598
-1.0117339653577853
-1.0998230038422239
-0.38755083374349208
-1.0525049822748203
-1.1051958815277936
1.0271649279360937
-1.0215426902532974
-0.35069199918251837
0.94473626264394328
-0.039265092510676169
-0.24955929282230441
-1.0791594463228342
1.1512629729315558
0.18621742148819539
-0.48791334475243409
-1.0000350905917785
-0.90029221715064756
-0.6633893855829982
-0.94672177735302399
-0.88395216014298095
1.0701563868814543
0.87091403891200159
-0.94501761173051069
-1.092354861106817
-0.031164862891403938
1.1003994509007966
-0.65368204770018057
0.27482453929842632
-1.0799049491587924
-0.50285127108943684
0.90029062281060668
0.6227767748436166
-0.90029998983568149
-0.28820890398471577
-0.67479590783573051
1.0310503429977751
0.22405570652640486
-0.89992102577517741
0.90017845934524399
-0.88313055619312197
0.90041818450752609
-0.35352696736707823
0.77512471769971825
-0.8642201448970066
-1.0998471356927846
-0.8970703101997316
-1.0325078297451367
-0.89976920293680895
0.80194554506021998
0.200702145428547
1.0516190881769827
1.065444976238284
0.7334379831400335
1.0887135548595384
-0.90015909021994889
-1.0342201364316461
0.38473900150377494
0.62600123778129158
-0.81124535303465495
-0.30248027157074009
-0.90019120520479901
-1.0654298983022326
1.0999537869216469
-1.0997346330437197
-1.0276151077311551
-1.1001575340655672
0.34674314178023546
0.35025139534359528
-1.1358133732142539
1.0658507690726817
1.058521259239136
-1.0019779807518499
1.1003859942492622
-0.9108801793383714
-0.32436609157230978
0.28616254341158487
0.89994080282807443
-1.1002124871732912
-0.69301686779926697
0.70804073455318128
0.52118793348164216
-0.82393289628765998
0.77126553356388816
0.86476327188053581
0.90016759991045836
-0.98396625057646581
0.93826753867659751
-0.87465857385523105
-1.0850934850930145
0.72408505776340071
-0.96041826846539669
-0.94684155061602493
-0.019544589232724702
-0.76656005778338188
0.87318522863289494
0.9000124307932631
-1.0849376651013096
-0.63652854222142929
1.1549448214673177
0.82880546832858881
-1.0987235004664311
-0.28038946976141715
-0.8952215768866757
-1.1003074236864403
-0.89946268075566893
-0.33375737169410347
1.0775170380881081
-0.98102527205170154
-0.89974363274926339
-1.1395133187152642
1.1338701866959338
-0.89460331026898765
-1.1001763965706162
-0.13940926416493166
-0.60752366870338348
-0.34935611223097096
-1.0896653383571293
0.076837248033117062
1.1001689375708328
