0.006256306027919073
0.36483888612879767
0.27902913083390724
0.9987891887360858
-0.67173934438039984
0.48276973713498061
0.43018240035515065
0.96871611333221308
0.89961723493767121
1.1004899646083284
0.48529645684497114
0.87172610254047589
-0.92133048623272762
-0.67939203721336228
-0.72596860362695015
-0.82142944031410225
1.2109105076344715
0.77929682759878971
-0.81153183171527665
0.29305112210714568
1.2226488470597214
-1.003371563871619
-0.83279654260536318
-0.79879639684278803
-0.87784186809744602
-0.99613000840698618
-0.63131113592918098
-0.97920511972488811
0.6449461439415427
-0.89967809822313516
0.64704879128657389
0.35616080628554991
-1.1088732177336595
0.99357203657547855
0.89213227699782394
0.9556069549944044
0.99282933938039619
-0.95389792178248412
-0.9124747028547846
-0.85733301835298459
0.40828199204833515
-1.006178173683888
-0.81470975872588847
0.08627597712274418
0.23823248456615834
-1.0094772082694305
-0.2545185460765893
-0.67051484386775151
0.76315056359324895
1.1155693073515105
0.54170314161069388
-1.2677352571153913
-0.90610329351143637
-0.93418314924078771
-1.0998102986453393
-1.0707400761037347
-0.15914170711179307
-1.0128283582093611
-0.65703017183911117
0.71589575037446629
0.34387894555201326
0.63590583565503422
-0.98514879158794377
-1.30293535520368
-0.06863278309243423
0.78112488763903265
-0.65794866528936335
-0.86472465508745966
-0.83251082887296324
-0.94356850406370807
0.98518580637876951
-0.78844142001296769
-0.92656140961189859
-0.85042628332324455
-0.6176533749564761
1.3103338456484535
-0.43248319737961793
-1.1725132533386975
-1.0883783250342041
-1.1171074724490955
0.90048188257769324
0.81816570935479982
0.90398524562912552
-0.78745729491409744
0.46571214547301265
-0.76504110702591621
-1.055900403556254
0.4917566599366594
-1.1854515190480295
0.77193213551803508
-0.900126876209983
-0.92696060004739955
1.1374954261285959
-0.2337522396722935
0.76955859557301842
-0.21754317136494536
-0.70730851043823595
0.5805209793031394
0.29828862880252949
-1.17329773980694
-1.0996136835162584
-0.50533247050878938
-0.97417602538962944
1.1304318131904152
0.79687553034434044
0.55436050112112722
-0.67383566366214964
0.86620862992726511
0.77285931487995985
-1.1004694135448676
-0.40048393876118027
-1.048268187921753
-0.87052037005845095
-1.2225553787760388
-1.0622156776352227
-1.1502288148656152
0.59523132380449439
1.1581738129619317
-0.9898925058123047
0.89984191440131034
0.98934773033150791
0.031028450958881876
1.1258256558849293
-0.92123674173278025
-0.59396961854602903
-0.90028941369310722
1.2316311782007459
-0.99209610663125103
-0.86570765033055808
0.85462366030745907
-0.42941971622253217
-0.36407467911068903
-0.87925787214236673
-0.083184657119674349
0.45868872534912253
-0.68914628682043322
-0.94950510432640911
-0.41376148527122503
-1.2701729069928853
0.58323613415895403
0.72337250848201773
-0.83648541181275249
0.55567976799525753
-0.59659540394685617
0.41407866954988481
1.2694075735086554
-0.69661991254121114
0.94091494119859664
0.79027399087046302
-0.86700645448995317
-1.0206306304108184
-0.99692893005089234
-1.0527898974001753
-0.41761768544616573
-0.94883861625556154
-1.2575400027408858
1.0443562377164821
-1.0053930423594095
0.25400149478624634
0.79271585751669882
0.37939586951733917
-0.68049062879227495
-1.0499735201169473
1.2572146843362604
0.42360058344546347
-0.72449403482904406
-0.90813984654501345
-0.85580736265537616
-0.62424934344079652
-1.016342782218802
-0.90018229514862358
1.0443546705410167
-0.11447904713208243
-0.80437391802347369
-1.1395183067255679
-0.30530892723142511
1.4393669498970896
-0.72642139053115562
0.66651712564248333
-0.967001037966428
0.20369457257000703
1.0518092940313535
0.50994240582402472
-0.72206223723283713
-0.53580191854704085
-0.71134291143700956
0.82402814798955504
0.84595666309997863
-0.79286377249998385
0.97795865612838062
-0.79593991196802194
0.88020005748367769
0.21096898484599039
0.73473361024010364
-0.78557488398621
-1.0340615054381579
-0.73629198325244216
-1.0142593429350146
-0.8971268099154428
-0.12564940708835334
0.52531998738747276
0.80643460726031435
1.0406481507179333
0.64549257916329639
1.0123099756024607
0.036928080182675266
-0.94964182464517322
0.62702899581291849
0.68637572888052478
-0.83283515005540565
0.2711126134923838
-0.90012567330558513
-1.0538186934713663
1.3902027277029676
-1.0996222797339246
-1.1001263721499912
-1.054417999728102
0.65487392028249136
0.48903568712459311
-1.1004336470820539
1.0032874723259457
0.911733272560455
-0.94271808102043986
1.2275641657864576
-0.97397902180783547
0.046225502881657415
0.64300899267627321
0.69345535192098851
-1.2998362765639548
-0.21889086328150539
0.69622542245353047
0.58665620129912055
-0.85311935855438259
0.7817865185338162
0.95659984820596722
1.224935182963323
-0.88716178155489445
0.94461406731601727
-0.84459776318777768
-1.100422864801238
0.62893647757016924
-0.91122843465273462
-0.7841421066817218
-0.36802305446740435
-0.70948917486021768
0.87441030378548934
0.51653202912008389
-1.0046424664766458
-0.73110415246396165
1.2288884824307287
0.82799414072818367
-1.0723298761752114
-0.57708917521035863
-0.83789884430908268
-0.99928655606365924
-0.84152475699207985
-0.73272796418114439
0.96742758303287424
-0.94249344890160502
-0.79563267185561426
-1.1316701229553416
1.2246239963376895
-0.90573773856445561
-1.0755233425545558
0.28134738933283465
0.26332141124602826
0.17616733993000813
-1.0013189322627869
0.20903763872603801
0.19355652714141416
