28.205838801005982
24.097658185200871
29.205940572340452
27.931469308362225
27.61283844733903
24.614260171656873
22.668784102645127
20.223315329715248
14.09182453692198
19.740173577191555
20.263248228532198
21.528795537809888
21.587303014364942
19.450094556257902
19.004043310136609
19.167773150056554
20.568975343243
17.378223192464315
16.305847910082505
18.101812797879621
13.490887810550781
17.69594196947466
16.786620968770723
14.794601888178983
16.307094991071565
14.000205965534469
15.991221066965036
15.544825999012986
19.692753663545261
20.909641325487584
13.069533983805574
17.861608092495906
11.320322016567617
14.797370417958849
14.485862242217511
22.212698685115274
21.14467842657168
22.15556615136629
22.401873091182324
29.814839484768957
32.4598477955102
27.924563335837441
25.052922111741523
24.800059610885878
22.867978557404506
21.78462473945158
20.894329223690132
18.858315776210958
11.961796465816658
18.099928839601766
21.899502787726419
23.552185698113856
27.333891546744702
24.173421900054848
16.959124694575372
31.212681481226035
25.426829842958661
31.785901947982822
22.243909708934613
21.0722003073964
18.383176909121882
18.551038635992796
23.456847173870038
23.543700236276223
24.865542726355642
28.889011320779382
24.72720019438886
21.309195812119238
18.203617293072067
20.904917067390201
24.8911186010981
21.694062095289478
23.912682503716312
23.840053332949228
24.608780864717126
22.905112669288492
21.62014273837055
22.242413608427466
20.988333577562006
21.456769255722442
27.370473377075719
25.617265026331356
25.175670178934595
24.03431683600208
24.264848222643856
26.387297799709266
21.99041501563384
24.274532424517133
28.375907510673819
29.008471815937565
25.438358411046217
25.47269319286724
26.900609930554502
27.060994599522662
24.942826141231787
26.640671026665487
23.342563682865453
33.473228533067946
33.323426797070404
30.37928750271567
23.160697635680613
24.064705661656763
17.818621234757721
19.313005628960376
19.999703674598926
17.48417054208668
16.697836880639866
19.531000745888825
21.168871263333152
19.019940780788406
20.220520858183434
24.690561364813952
19.450058310557097
19.690487617658093
22.945200759948158
19.096335729426034
21.943038636559201
21.713154227335881
19.185154618778338
19.679033808369866
21.127874729460533
21.380979334857958
19.91911573288542
16.938190724686592
19.733325415456488
21.300263704096832
15.371212094697174
14.944915447029262
18.545325609247897
14.199713143712144
19.307095202168444
18.735660863712788
19.172050775257311
15.581504928495745
13.172290160095248
17.340355082860121
15.794254606729559
18.85022407788788
14.29223309681025
16.493990724922416
14.71775717840397
6.5963637884343154
15.680776589742793
14.060380212658229
10.969276966888696
13.942664613459863
15.525904841852061
10.891295334694753
11.954954603123243
15.843170280402395
20.639475672621334
17.620988211620421
18.537547037476042
17.102939363789769
21.572601492419043
19.229608583905943
13.250338000927433
29.498866764631551
25.239103601597687
24.226910341031385
28.129818269261619
32.833002453137176
35.893124332192144
37.74563180276661
22.591410246061145
22.560218632856916
33.718211931865568
20.918880673378798
23.79011647258632
24.285399166595468
20.623133211976842
21.975885535469228
21.027684188561739
26.39820349903831
24.1179820627911
28.607921628442014
24.266268526965984
26.525140554702794
28.820676672670622
30.444593889193023
32.430029617662449
25.675868543958178
30.716564328126104
27.851878238472349
21.060595619395048
23.661987427875033
33.842375863164008
30.73333852516808
29.940492400103022
32.218967943751828
29.81302440767427
29.054325214098789
31.547125262988367
31.200169771438802
30.27721790192323
38.440924015507697
34.633003603163779
31.861761975451898
33.601270093264034
29.779453427798956
30.357248849722978
27.857650681977525
35.647016134661193
39.216934310399012
40.268610750311261
22.385740687206049
23.21973952835458
18.201575334470267
22.640685600066689
16.610107332683057
21.197722810460476
16.922857643396924
21.826615539512595
24.566658521078956
14.141557682199581
23.651973237996799
24.753566321517447
26.449128272678589
23.096945120830654
26.897477063518082
29.753518719866001
22.416253890363972
29.191260839271827
27.032917311075959
35.21977535888972
36.801573357081004
34.236382462149955
29.511202076334378
33.506541689443225
28.86781657327699
22.779286066799919
30.605453124844828
35.312260281938613
34.597659210616065
28.747349225968051
23.566833102198249
27.563780989102966
30.36486260613966
27.527755299672158
27.330179065271185
26.916018256178791
23.141869893174146
23.987597448780988
26.96927444832232
16.828374369826346
15.171099220367086
20.887564413392177
20.112904837496586
21.883180447868959
24.80656542953902
24.562767049860881
24.993663237034511
25.986325475910011
31.378494429963183
24.537726969574187
22.942127927178866
35.421344842336524
40.139298217478611
33.252022360268043
31.539471822716564
32.362730880314963
34.235474964172361
38.09866165763426
32.105212012258562
32.804242094249965
25.778858814588069
29.663904462968475
38.165055409622802
36.154198219505162
24.108597343603179
22.032939232892232
26.309755471251083
26.819723342279801
33.494889135766279
32.844275258076742
31.190546938582784
33.099905991016165
32.292379079814474
28.553872391556595
32.662888594606393
35.978735537925772
32.279225906712249
37.108927768704511
41.708398675435248
31.42850480698548
27.176111085503621
21.953820500301141
26.279439612300116
26.306291430252216
26.809040445755887
31.306860986840242
32.403702815199544
29.981345192199115
25.249010374696461
23.734847693016178
27.65872141403289
26.36538793282481
20.03150369627685
28.154785296777334
31.292945338223092
29.706458126233322
27.652696658352163
27.792438929812398
31.150234977211824
31.356530489711076
28.406243864285258
32.546865879950872
29.814442527955649
26.319224799527625
22.073433533711793
17.619520136542917
24.821480066208299
21.689916726752596
23.699857556099445
24.115562402859439
19.736266453521406
18.086961757330716
18.597056356973891
23.402448092356359
21.258288158566785
23.996935779346025
23.867202560488458
22.12990244914366
18.923118968530304
24.362823835896265
24.603094993713732
23.535416428450141
20.112875803512363
21.127177561006956
23.983261121477646
21.722056416141474
20.888456567323452
23.502721018670165
22.597386366776604
22.203947161678524
21.223111844782995
20.374468353716278
19.639574493685476
22.093793552454233
21.242546893313182
21.093244092040383
30.016882736761517
22.668809832546231
26.69201931417377
28.053314172475169
18.197247097789109
16.703545514171818
25.72385399062286
27.666155711384768
23.875633782344874
21.910874168220797
22.302798991385426
19.232832736233654
26.927138214104819
16.912556007818324
18.825154492923069
17.955379369492018
20.433679990791457
19.841367160397624
17.719871919440287
20.205447856686433
17.374787306464505
15.500830908962488
17.656096139414139
33.651955492192592
9.8981397544628393
12.770090394303233
6.7171879684280835
18.042833447783636
26.762673257103479
28.629305659214253
20.780120960830349
21.212650971022786
6.794324704759501
2.1195221971768827
23.119429574745268
17.083767217960659
18.977474492323974
15.563487054580145
15.8460834256831
15.845799871327465
17.46689837834785
12.587497574500723
12.319736499381088
3.7768481179743851
8.7653862657666757
6.4863041214254942
6.9236515409369517
6.9329986379724247
12.875711465846129
15.367675075305145
16.177926246730415
9.5756517082340515
18.159104647613692
16.168701147227083
18.528955439016226
17.838205206714139
14.787576544903853
8.106100525176327
11.571992754656893
12.372890250423605
16.726682168756469
17.003470469616421
12.104008134259033
8.7040600194106084
9.5579199400116206
6.6441076594384487
16.49056519088083
12.344519023608205
17.611825648269605
12.036399999889893
14.712755073375117
1.5918750491969771
9.8684093393937786
-1.8976532364150263
9.7497517231473072
12.862294628182362
6.8717993412997664
6.8487107189340755
14.180751981324031
17.643514747466455
16.112497326073171
15.627353744863438
11.531373288425145
11.800245314055051
9.0640048432088456
13.655913089309907
12.635631627577363
13.071193557688474
12.112018389082561
15.476746490313824
16.468758760174115
18.043953536463238
15.1700517358403
13.996091042977778
13.108022397196272
13.176879344594914
8.7996790600575459
6.4203424639785478
12.700057095940515
12.821329768790321
16.600224437579389
17.199387776897151
17.165682329158464
11.256976996702647
11.584529168856735
16.403257624641046
16.91231881231128
16.38007862300018
16.103342758166935
14.774186837660015
18.164757750875843
17.30876583020888
21.451866236269467
13.971534819172122
14.326272719038151
11.196971858143566
11.380047889122192
16.039669375793142
17.135700086663892
17.668171035942361
18.563820625348637
18.358977959894144
20.245496190112011
18.778955113189209
16.469820662013582
12.285461279770562
15.267242615017334
15.831321544225615
16.893243162645948
18.156351564991741
19.857873261762315
20.197232110334006
23.155133355987324
14.05185519482586
14.77368837200544
18.729593362358635
10.732123355262505
17.247562466770205
19.187894354140919
20.703693663163889
23.653657438621742
25.088666934580978
18.856005663695299
17.898602618289726
20.334206404820161
17.848755383344702
18.993008078570949
11.745849060444254
8.9903300533458079
5.4238243485203217
13.705770113669402
15.42727434007265
19.703642004066833
20.261960673818855
17.72074898759147
14.643556782489183
18.620919229442769
20.44704131122862
17.730195716371178
19.677447487736814
22.92558723752623
21.275161762441279
25.780719037546227
24.553254449771
21.051410521798985
