0.90631881542065429
0.84068770143581828
0.78931644046486915
0.81724030062012298
0.90300977639681124
1.1898568007084029
0.92657988209510944
0.90645729773546568
0.73287228272385851
0.75956135694162952
0.97570289978028768
0.90031751079288225
0.70534766941396643
0.49088833248406538
0.98207632572607317
1.1943857821827413
1.1309095029137837
1.0051937354594194
1.1112798559430528
1.0494116995861908
0.99393782311799805
1.1324302065081662
0.74120330824129721
1.2525831497359388
0.97106677953995102
0.90990822051648501
1.1292432630255409
0.93974337755775994
0.9106972920587133
0.86932974010887487
0.88119690160706976
1.1404377350913459
0.91861623819331717
1.0203417538405997
0.75956135694162952
0.81822092015148074
0.93088396199104162
0.75956135694162952
0.70814840715492133
0.91995971348370631
0.97185848969502464
0.85148583533783961
0.72557343203084113
1.3199631098130151
1.2069294442443268
0.937015443030909
0.97643181738452123
0.79676602061088886
0.96712877548540543
0.875287545417754
2.0499566310861157
2.1772419641900265
2.1706536204446851
2.3400330898113229
2.2438828650392386
2.2445911213483734
2.2576307454905016
2.1003176581551761
2.0852640283936439
2.3570684877239856
2.2112216168825878
2.2681302554194187
2.0926197302502172
2.2349661604047655
2.1620288708660396
2.0780753764171802
2.3427452497283858
2.027451135449954
2.3893239629171141
2.1448298709320448
2.4705999106102494
2.136009520531692
2.3496049304372471
2.1327310592531195
2.0913491468194589
2.1116979790244108
2.1554040912001935
2.3587733235066688
2.2956806684376287
2.0008283877619686
2.1706662193180648
2.0916707088679694
2.1356503321469766
2.439601071556611
2.3762941990586741
2.262977454665029
2.173414827389057
2.2319205900987855
2.1869174865520566
2.2973846556193505
2.2496064161771883
2.2076587845465072
2.1652683169006548
2.1136133009885003
2.2567119295743021
2.1172938011566877
2.1993561688353509
2.1243102817609096
2.0974000903091956
2.2111224630961726
3.1336662816629981
2.6499465298289477
2.7945495717578508
2.5475455979932282
2.8533363374755454
2.9857030080082843
2.6794903877659499
2.6073038092710994
2.5698649350342464
3.2549891241554461
2.5797394313737469
2.5953520940385513
2.7225432587521885
2.7417881419728705
2.9545759999470373
2.8474284856338188
2.5069487205309438
3.1648145510956898
3.2392768114024859
2.4561122647685165
2.9255405175683835
2.7090728530702011
2.9052550993175181
2.5033089710519727
2.7357302673700614
2.5366841073726318
2.4932880814164995
2.4857066021890297
2.7611949364368829
2.3520996379565089
2.6659638171450317
2.864631965695474
2.8351314688520217
2.317118972380007
2.3585476112850579
3.0936172837122773
2.9680833979488659
2.5034472406726644
2.4897788575893443
2.6991413726058817
2.9903400281812571
2.8188480582265969
2.6499465298289477
2.9592986504731527
3.0993648873751782
2.8403208140845946
2.5996889086599912
2.6153110928714298
2.851114465207039
2.5310750157024779
