29.204422704114897
24.549081641031307
29.577837893804777
28.561699506808718
28.093398279747692
25.367726667334185
23.157113083553302
20.38214132895375
14.002089909316243
20.026066083111402
20.281994532278325
21.97749426117052
21.970104764663425
20.248056414333959
19.688305752965615
20.001152217323906
21.423980301722466
17.918430181465467
17.167020780694127
18.882755290670424
13.940783991163702
18.289279873694547
17.109428556589833
15.195564284998525
16.807308194803177
14.621187507864789
16.589205471875619
15.969162269103585
20.128182499414009
21.313164496324006
13.392317009200928
18.449974287546233
11.363110640436695
15.312677852365283
14.791629672355576
22.970557736628638
21.863003963659498
22.950807622664513
23.092336685703572
30.053286501788751
32.633709069822558
28.292150316841401
25.604182765478534
25.265674906095398
23.321086214734585
22.361664346251459
21.268623334691473
18.969457989111298
11.806629433582554
18.451543608837774
22.131166127858858
23.907062923569114
27.687816551672881
24.585459723215706
17.621437381651923
30.943395431050586
25.87589089418822
31.762651346340316
22.673943024127183
21.516222429778807
18.737427769822219
18.799047570500289
23.815930396888874
23.64116547374892
25.051017230315338
29.353918547852409
25.154141345501408
22.12570078096514
18.926214878591324
21.696868483093589
25.270152136220709
22.117278319084662
24.47068909418757
24.24833895915414
25.23381334765655
23.456843154572173
22.079925840373612
22.802243275144392
21.411702327182063
22.145818736848838
27.817470910445024
26.047831483292093
25.718911871348507
24.605003975826413
24.811472589276676
26.987909056691979
22.546624093909276
24.999322248776163
29.125283512875566
29.7083460662462
26.26305704613026
26.332057510489758
26.770098769114814
27.080598420575008
24.798471061421608
27.482150403545059
24.160295399004617
33.888700705518232
33.832936880652596
30.944636060473275
23.865390864260934
24.815059901595653
18.657758847813337
20.073578524871998
20.805070052961426
18.245256783817275
17.367074242205362
20.282875553391943
21.867581162969955
19.665452405002203
20.956306659726522
25.4347973996544
20.252884105637513
20.386482705105927
23.859792563124358
19.915830865248662
22.800602174747052
22.705941913784947
20.03296042477082
20.629989615521605
20.4610891144928
20.681918109115927
19.091634509493385
15.84511794066086
18.954109176877189
20.590711860019333
14.294149383415379
15.254378906280163
18.65756655760346
14.469977194548679
19.518513157492713
18.997329733702511
19.470622825417109
15.916771073907853
13.459663785701702
17.413464603068579
16.020274173104575
18.986432030580353
14.373786892184404
16.582454254647647
14.56310865488043
6.434999912660043
15.876677374464309
14.244608997096577
11.2543365277925
13.883855342962795
16.116425541751042
11.158542466443327
12.180889676146061
16.201713303782487
21.115665397030153
18.405572896656988
19.504797288638095
17.678266641134446
22.007064473338595
19.676350975416504
13.996854729884166
29.842888884058254
25.834874265776648
24.841370791093773
28.689397546873561
33.084137738092977
36.013080710050879
37.593684709884869
23.011310879694378
22.992733849245017
33.723005621274346
21.337260150750375
24.089819045861091
24.533282625965981
20.949972877257373
22.382648930924216
21.915521370329927
27.2069232362946
25.096118430154181
29.479679198719325
25.131495917511433
27.462959151351129
29.542437967335431
30.993004348913356
32.602806018961047
26.356555810945714
31.234827952073545
28.550532618556495
21.761290183859934
24.17541812994255
34.090800278860698
31.449257621765351
30.803313502105208
32.819596261300873
30.458830236376119
29.79920431819394
32.202810322613978
31.489954430870085
30.675262766944385
38.348830030220512
34.896468097955307
32.01271198463003
33.767463233974581
30.225312353406046
30.750373067346683
28.449187071972119
35.87005502402593
38.774632887348545
39.798058650426697
22.811008994220334
23.489977660642239
18.390703789871154
22.85950314842146
16.772760492708709
21.373571387160233
17.024841660154976
22.091010763561918
24.884200991016176
13.974095679523359
24.041385729972394
24.932907728404565
26.525813665297939
23.097951184995296
27.040219036900286
30.144216040085734
22.604147787720727
29.580419201163942
27.62085958906183
35.354449490365212
36.748478838472479
34.492960034454129
29.954789559050536
33.8145105685144
29.601160860747665
23.417340436376243
30.989509699973997
35.464629277436131
34.72769291083533
29.262194185562738
24.1991702582797
28.040253826573704
30.775137455085424
27.958196018157764
27.686963318920213
27.001485686081409
23.486728286889807
24.264380560738932
27.454298002677639
17.396359831470733
15.479524942226337
21.370918398486179
20.544261329079198
22.251020181521501
25.168268683903637
25.044291679589456
25.589706463599413
26.355951080540684
31.264463788985303
24.938793144556996
23.308454663092888
35.177278543868781
40.166205178476261
33.679847405761635
32.180852392609985
32.745897568958497
34.603995284493081
38.198188295581318
32.379922681279069
33.259822371064971
26.720188985196565
29.901048540450873
38.15806950313037
36.609176970691735
24.340305440496948
22.294017590382804
26.679098213730711
27.072255625988294
33.350418001614699
33.116534161834366
31.456712795878634
33.074400207679858
32.491911358955932
28.778109850670553
33.019739063988197
36.019869755996865
32.567974187618582
37.220755889460719
41.353055050025134
31.333648188470924
27.625710338143492
21.922365506734337
26.538365851206912
26.516222372050272
26.837537892096009
31.28078045105255
32.261803683313488
29.980420695983348
25.443510260913541
23.912555998344121
27.743312549838834
26.465235527514743
20.05372260795912
28.737170598024186
31.621430581814238
30.062855203567008
27.912925954629788
28.109754986725303
31.444887080979314
31.442741049432147
28.664161863645358
32.625499527365847
30.056513002085378
26.958781532017486
22.734031907291843
18.513583530817524
25.584223219645096
22.274936988516949
24.33971494031222
24.580620677642909
20.413027502169694
18.405305379751766
19.05472997855999
23.87914719285769
21.718002259883527
24.575379188055518
24.478963673318372
22.82184008838405
19.587111162353366
24.976492044959191
25.223177981646288
24.162370088460577
20.558018817909623
22.47355578708018
25.263599547090902
22.994719950323883
21.420538530724187
24.109416333370397
23.169415298440715
22.734100316583877
21.808585594256485
20.972934408022702
20.196765767408511
22.680230093470545
21.8099561178798
21.694062998259909
30.479379645124883
24.012325136981225
27.244482249197016
28.613082040150704
19.110631059307252
17.576803172839508
25.989764243255287
27.842942541400269
24.519970815702706
22.721621245992573
23.031810876222156
20.106825479652041
26.625019785600081
17.46883980739771
19.383236342838007
18.439316759810833
21.061307213118493
20.619023447309168
18.471543119789942
21.059499570429281
18.034941419554244
16.658457001365832
18.461663615354738
33.708576437125132
11.806180365749508
13.889560714769308
8.1531776708624584
19.526260895373881
27.581070724063458
29.350095888610124
21.509856517523602
22.128004466793609
6.9645187462555569
2.3730330571853493
23.210997192402651
17.054272911598172
19.024340515365324
15.532648593719998
16.008274466595704
15.269584971621693
17.55340522694415
13.025384438788279
12.735569499953179
4.2720416428722849
8.9316391206741308
6.9192680956620922
7.0823890480372107
7.2778918455364234
13.487024924995882
16.021008497773487
16.641239969022035
10.082943186216738
18.695002168499027
16.726848807641034
18.887156502808878
18.151402075875694
15.307506786348595
8.0143136739263685
11.614574379695345
12.362183178560922
16.95204132174478
17.251464933755109
12.616536881550932
8.6888119374511508
9.4326119520270453
7.482728973327367
17.338752172017294
12.582446713518987
17.633186880357641
12.564313523617644
14.775633991177212
1.8121460320903431
10.363933374740668
-1.9237194888070999
9.5957995174729707
12.777331631198814
7.1411089220542268
6.719120478657822
14.217555876377521
18.122371983328467
16.745609255979943
16.323754036566864
11.775147639124789
12.445441528654611
9.321384653306156
14.221121471627312
12.980646558062386
13.387127877792413
12.252013359863017
15.811331393752173
16.529953605288696
18.588687159442138
15.658724762892973
14.543298269317086
13.211299329545184
13.547354717517935
8.9374399546212544
6.319675883597867
13.156812902253286
13.123381131619938
16.905154183754046
17.733469675217275
17.470910693766019
11.590924589630024
11.741460648601524
16.847707296384034
17.396653724124281
16.799221068949308
16.423600598243041
15.108371312750247
18.468223516533975
17.756299901504786
21.493587121624618
14.230804464833486
14.71587866443156
11.7581362541844
12.001620168365205
16.511221787415518
17.738823894429583
18.022977551347822
19.095870603730958
18.904740132979832
20.884083372928565
19.319834236148449
17.179522563984758
12.880738240633525
15.559373408324701
16.148499481573054
17.4392680319242
18.563638069679048
20.349914923115691
20.590578978767194
23.487188308007731
14.65454239216777
14.888879934459675
18.968307231811938
11.069968909421657
17.582997383609499
19.673399784100688
21.238473949482913
24.136740249164472
25.486423444406114
19.577240810875438
18.519506800299169
20.892425717169488
18.3063048412833
19.675213382958788
12.639437763086129
9.6673457508264633
5.9843508782018038
14.408271596188397
16.309198274985697
20.648744808497607
21.052295772754192
18.42128314039018
15.3267733259108
19.444750701732318
21.245414507283712
18.609913091564508
20.421540191781261
23.282165962742823
21.839203887589612
26.18456507762015
24.983042637232039
21.696011396365453
