1.1004294289306775
1.1965274117981994
1.0024821088613374
1.1021505266433302
1.0210756556406653
1.4480120931044835
1.100213382552639
1.1538014951107791
1.0246873596041053
1.069185773473462
1.173953490864786
1.1309793371402141
1.0065450823424518
0.5933010785199675
1.0056278512347638
1.2135833350689496
1.2711156581930942
1.2456507788437903
1.445916034085402
1.175046547815727
1.3818242792827533
1.3516110874093614
0.60614528305489301
1.6622576409451502
1.2785668711861509
1.3266318143303812
1.4639826854308673
1.187492795580948
1.1754767812079672
1.1611856019545812
1.2285681549742995
1.5378027218304022
0.73402429667448787
0.90307350189036417
1.069185773473462
1.0692961738158551
1.1912806549704691
1.069185773473462
0.94019446989820721
1.1898517688901926
1.1610609675925618
1.2709976112541019
0.87350431881963631
1.6514684512755538
1.4856207992003547
1.2972871089416658
1.0774066987441799
1.0162995625808555
1.1400032461722889
1.1387786829351807
2.2879594377265438
2.277047919826559
2.3089797474806368
2.2705971716780171
2.2926406739459888
2.2705324876544721
2.2867526129576086
2.216685331662787
2.275500815947209
2.2701410355834022
2.2206673973277127
2.2707629811692249
2.258098969518382
2.2769830783839495
2.2659301715644826
2.2751785870114243
2.2731454923911945
2.2633968083715374
2.3155258711696196
2.2614400404979738
2.3082871169445238
2.2679067253636505
2.3198302684833201
2.2707408206086339
2.2697367260795249
2.2751904397690454
2.2976767506442664
2.3524825406793877
2.2777585115771735
2.2523959100559847
2.2580877160987383
2.2501553064697597
2.2660568570634583
2.3260520028265326
2.2730717413926467
2.2749069698090438
2.2919366524888298
2.282573321426439
2.2677311742812445
2.2690033814275776
2.2693778706359833
2.2731639196103073
2.2664161733128156
2.2189523661560537
2.2694004425346535
2.2673214143856892
2.268171871462644
2.2689817640720227
2.225731381727559
2.2682095564504499
2.9629301084687798
2.3973649226655134
2.7977130267961017
2.4344806301919295
2.729102605387955
3.2047988419998967
2.3120602667085643
2.7291207565144449
2.5854360331510025
3.2013774135256066
2.4314034709651877
2.4716690934930665
2.6290606324713366
2.4483838024546287
2.6386433319736406
2.6201559129195271
2.4269840690269611
3.2225322343265015
3.8888549981175271
2.3449118739252599
2.8280727370890286
2.3852315503273576
3.2200419880413667
2.3727501210363253
2.6100507404952342
2.5834915628757544
2.3478537721016042
2.3347615579450447
2.6286531643012196
2.4637726994087474
2.7965529483995857
2.9415884024550314
2.7032143876651675
2.3113945786380898
2.3339558302774033
3.2711156711989484
2.7190623339313427
2.4070844350045633
2.3232393838546739
2.6052896776260281
2.8678623022423726
2.6755176777114635
2.3973649226655134
2.86965741529876
2.9576685016958746
2.6840987494760928
2.4488853834434843
2.4693552492512216
2.5804812422902104
2.3410720700385719
