0.44438484088844316
-0.020403457689413901
-0.34554174157437312
0.49325719681501795
-0.44415655179769337
-0.082251720272823403
0.35554866802296325
0.51067284819976999
0.64487134929003309
0.48249058268859435
0.13080550009926201
0.46430602389801195
-0.5185441527150898
-0.12323553585152755
-0.43680835124139422
-0.52364230754781138
0.55317898646022767
0.53823231162768748
-0.44452521637007997
-0.27843278215853801
0.56048187533241323
-0.55817440284644926
-0.43539078977401352
-0.49945916142263586
-0.3715752546293975
-0.69330060604405852
-0.44458481290492818
-0.62282794231714833
0.31857868700478431
-0.44467103354493936
0.36537160990899881
0.18483780906177874
-0.82605477380700609
0.45485922972306331
0.45402786985534727
0.6453357774493953
0.52012845984312506
-0.45901263354241578
-0.59593407481874627
-0.46715987334083814
0.0016012650504825116
-0.90232884911674271
-0.4446845074150893
-0.75329511845095953
0.00027615955147801408
-0.58157935713461661
0.36822247226845023
-0.048629594517351465
0.3802607223307955
0.49899633040434288
0.32239061290548726
-0.79544470456604688
-0.36104460638429353
-0.51798123078091596
-0.56904575904056398
-0.66569038702786787
0.32544363772520707
-0.44442734261249933
-0.04807856851202405
0.20899399712849359
-0.38016759395150346
0.44426141572338373
-0.66912103833144854
-0.68867758352750341
-0.32024785906715769
0.44469286152562038
-0.35894638983098942
-0.34958500319902802
-0.40604385774838642
-0.59266501895340906
0.47177703876434368
-0.31826160436537759
-0.44472443474348194
-0.41058604230110868
-0.44431161703157301
0.69275628266741274
-0.036068535561938952
-0.94548817006638397
-0.64749098562412799
-0.65132764571908841
0.44407645054003836
0.44440690433580665
0.44403536481718203
-0.36125435200873118
0.26225018961195262
-0.28213955601210333
-0.5660167083057408
-0.13266884791018593
-0.7298519095853464
0.41167420681903194
-0.48151786641748789
-0.73772229132822775
0.51207831366170797
0.34453334544017045
0.37503624820724746
0.28789361527912449
-0.24060874783437103
0.14096605868171067
-0.35468901808300712
-0.69235272220116584
-0.67192155340789994
0.042031422496243087
-0.79742215033611541
0.4126728530473972
0.52987184529671172
0.38458680392742123
-0.19943098597781972
0.41959300016404455
0.44460425805315013
-0.62750140765809181
0.13918187085492598
-0.67424482022548449
-0.6719630432124184
-0.44459090782485228
-0.63640056314790816
-0.55152582204254097
0.44500788639591493
0.51737695246441651
-0.44409140324826596
0.57730939782049173
0.44463738499858141
0.4777689042553489
0.52172205674914396
-0.53632832544739206
-0.15266339600264001
-0.55542624785832451
0.53635248173185857
-0.60364944951615618
-0.3690304391204785
0.44414842604116755
0.18048962007831587
0.23010060022074949
-0.63305053732862393
0.44441767812510147
0.13938254463960778
-0.32601188659452135
-0.59157956130846157
0.26152687005091974
-0.80813622930399132
0.23169509649371289
0.53429369040665498
-0.4441099753525774
0.18959013426131352
-0.34878445144536291
0.20521776954042298
0.53864415186338888
-0.29132678289830788
0.46417971106409905
0.44436807552166979
-0.78764438519477165
-0.71971632244905481
-0.49390537354785929
-0.74860352933071872
-0.1658528402572243
-0.61240023942520305
-0.88606904349493831
0.60048867839040343
-0.5397066250625322
-0.26034071498671535
0.44455500718659974
0.061902624885431093
-0.037176287140384012
-0.58795715857454667
0.53531518646942744
-0.041295214447582995
-0.22177944800644017
-0.73401627847208806
-0.44392507482436666
-0.43307312755199373
-0.41145293031885982
-0.42729936611741076
0.54245213328115649
0.52710848813295919
-0.44635926463400516
-0.84194331486190754
0.21200053570961752
0.60446752988661256
-0.18009270887092071
0.13693530825356617
-0.64249827692772721
-0.27177308543962098
0.42926367677119925
0.45979088512508809
-0.50085587110124141
-0.31706134183790746
-0.23113255333637622
0.4460726328260608
0.073370852224654434
-0.44473838904187873
0.3993020046000369
-0.44441259536479932
0.52521846686710072
-0.41638655768984006
0.44423035344111622
-0.43448037237255072
-0.47166852832952683
-0.48416767340734795
-0.52055273805203961
-0.45744785489391432
0.58782977122917512
0.0012285492385417374
0.75400797979693901
0.46850905459400727
0.33036676160118705
0.51421495682243834
-0.44422034640590941
-0.6283731225553606
0.13062634420820507
0.25384989155262294
-0.36907858593038895
-0.15284935169025432
-0.36874355775852841
-0.60704172051457728
0.64349735398705321
-0.79081038068816079
-0.58311312559877959
-0.7355862163471012
0.13863941373525182
0.17313206695402861
-0.73465164603943744
0.47614022784084203
0.50356104207960017
-0.52854792735121103
0.65822792020771526
-0.69585749448164802
-0.13903133720084515
0.033054142398956196
0.33572914392597852
-0.44412870497603135
-0.44459171089779387
0.34221861199869535
0.28270870982343693
-0.4442838263174354
0.44069325237587192
0.41469932495325418
0.64928635637192156
-0.70407702518929649
0.44425266840186928
-0.40032330066048599
-0.61269133110643592
0.44425856068609193
-0.48313895779407862
-0.5209770132972833
0.11772195097540641
-0.28928129830865823
0.44432809222476388
0.61544499481240922
-0.65116462297354283
-0.24534489076331195
0.52364577546632152
0.43982761536099885
-0.67998253944168274
0.053750326874212599
-0.44401108702700881
-0.49191363233833202
-0.44424351063402451
-0.11100501213623257
0.47617866471163356
-0.4951844632871753
-0.4495637146644475
-0.79787790643049417
0.56554791599172971
-0.3738658417256262
-0.60610798942647204
-0.017372062790773274
-0.44445612047762945
-0.44445606607299376
-0.44467360718013899
0.039637648123147934
0.63217519600566563
