27.977728889319216
24.131853941853748
27.135486151607566
26.779428671156925
26.393579063785634
25.045374866593733
24.04650040360599
21.767192569540335
18.181714158229255
21.965753316370236
21.687837102771642
23.219882337809942
23.567910367788215
21.168167229283991
20.308236361207779
21.102960882694294
22.328470265060211
19.157504811523577
19.677254037171299
20.051332850299204
16.650230350121483
19.271297765187366
18.313574345526799
17.309610598721576
18.382709919320302
17.332990519771982
18.451110902858975
17.810426334468783
20.157276253802102
20.847154199016384
16.34519974633336
19.255632773953351
15.153241496069832
17.412340907331387
16.799977620367187
22.751398622925414
22.160847661134206
23.258320916112837
23.367911435610985
27.912496208395623
29.018258347175895
26.561419230488777
25.344067747188326
25.135018705867235
23.958510200667593
23.46896989118364
22.736367432598023
20.673533672090805
16.878935202142237
20.96905511107143
23.703510474554665
24.609387937326542
26.914671192482139
25.314134918409668
20.904635074125192
28.109654010279165
26.255146954605255
28.881857816473794
23.647050246831597
22.685064109941891
20.828299956848998
20.275885303453421
23.671583219337588
23.80207520813536
24.992822102471798
27.850351013576645
25.85115131209395
23.36974216176678
21.406182998079867
23.01560621194869
24.49714106309213
22.840327962842998
24.197153704119181
24.006949902397892
24.326658224185774
22.97964962308626
21.514476203258525
22.515879524155075
21.656781517816611
22.492008433910453
26.335634519180307
24.956453979536928
25.262061915131177
24.538717336919035
24.476542849532571
25.603209730909807
23.174276126422303
24.436779243329926
26.501060897914982
27.14111254781475
25.18419637269956
25.14381738466551
25.003623914255392
25.526776912702715
23.47414791706348
25.921427193161307
23.878857455825614
28.810079097805929
29.18353282513322
27.585807416057101
22.003034991238962
22.773524309625877
18.653099462139714
19.747447362645456
20.102614063925138
18.462453610091039
17.967713667123903
19.73628317348615
20.476848981177429
19.278985729032229
20.808383078348115
23.304258360161406
20.0129301242971
19.974279273333138
22.397001485381178
19.842054302173043
22.03082979798824
21.975806899329331
20.189289603802429
20.982006572414008
20.302557831459335
20.14121345939401
19.097717783324278
17.298419606634049
19.03357304931324
19.99623203461681
16.634388172524634
16.344099405132784
17.782344864993263
15.996448725774743
18.432120128416262
18.309618163342797
18.577451671138004
16.855415582840827
15.27214275788101
17.174909020642424
16.639119289447223
17.990623521369184
15.59669662726353
16.688047344456457
15.459037476680756
12.37429820218194
18.899396422722624
16.950704460853071
15.89591973044595
16.085251423541727
17.665102147450657
15.853859734771564
16.098221423643722
17.878592881115281
20.359524572579854
19.322625841378983
20.978115821051219
18.559189152188289
21.302380475070894
20.059100660619421
17.030116416865141
25.428290377025426
23.455995570429796
22.339630613242242
25.226433214898808
27.196525307434719
27.902090455920174
28.368001191749229
22.115939213468632
21.728344912988355
27.158242116256599
20.993172441845985
22.204204728256283
22.533159682203742
20.589286905888486
21.578995183746887
22.339039250331233
25.435698237679595
24.595087469641058
27.41975570492917
24.962333885034177
26.021938733929172
26.939043967181096
27.836920452817346
28.032216994887484
25.279080187518936
27.400230002912043
26.056553516030853
22.423211076506711
23.973796931947554
29.351496905265737
28.784430081848107
28.645983742528635
29.555843191748778
28.521971842871775
28.268604942831615
29.397280758543538
28.987226262337831
28.742743614245281
32.02503352961179
30.542108330716999
29.332076198935958
30.078227050716322
27.871252687386601
28.063633519174573
27.718811902809382
30.718484262012989
31.771380969096064
32.123178011634572
23.233378292151674
23.206956516795227
19.856833861550729
23.769779299833917
20.359191389276823
22.491563462929967
20.510292182112007
23.403025213031537
24.19625966632174
18.52808583872725
23.675052572329633
24.677243133445074
24.515857263862209
23.054211798557503
25.16233691007913
26.568161003669211
22.799153390636661
26.606141507270546
25.308955112082341
29.114779828963723
29.504008808351387
28.689796518711635
26.500227979539279
28.958816665686658
27.113746463325583
23.129471941032083
27.199169715691184
29.480304069428758
29.083878812594609
26.781540961086613
23.678986026124054
26.161971863327821
27.311068931837745
26.999251760741959
26.77118092518625
26.096572493609266
24.136035686122042
24.790165178367253
26.781531847515961
20.185325519067607
19.010040597091951
22.913047997200696
21.800613466547496
23.09000365932863
24.952597290361368
24.932617147832296
25.271544270717214
25.612781788757815
27.587594206693254
25.915256492648879
25.195140861804571
30.327679244725658
31.985741237677683
29.01856835478506
28.467969362080886
28.978005071600307
29.764674888409665
31.198433865638627
28.403355731084627
29.05001456333482
26.374830495861751
27.248198739039267
31.793338684647971
31.643419051055069
24.818889807300614
23.183334568626091
25.835052614868491
25.61343254401876
28.788805829081678
29.23797855559674
28.595228481743707
29.150651403818653
29.04003120279156
27.152582278295554
29.785498746449928
31.112170974348523
29.668754378328362
31.020194650020745
31.52116855287543
28.757199114756439
27.309281574091834
24.212434285842498
26.382016959037692
26.271140810978572
26.447369512543524
28.024339414010942
28.427183813326085
27.439455150946561
25.074735934328565
24.101064915559189
26.259128673338914
25.465404726369904
21.785922143928993
27.781043671634173
28.901885895035115
28.330951154980205
26.748027044742386
26.948374833353203
28.671183356370999
28.21247354757767
26.519314593415906
28.317765029145836
27.077580669907185
24.875743452678243
22.447132316626352
20.778957889673567
24.480794019570453
21.80670312978592
23.313077894056853
23.283740794541067
21.274556829398772
19.643608053282172
20.357928521535754
23.193535842585522
22.135275760847236
23.862022482300048
23.80991647182864
23.026154914736441
20.770018260440153
24.299358785540086
24.721353525862405
24.079608669521754
21.736454048375656
23.719766145722502
25.206634971530576
24.000961301058055
23.712233817936621
25.224596923644654
23.635402653729862
23.367845679380554
22.879203488627017
22.15431128166405
21.570402344324791
23.124306515232046
22.528962042271701
22.312162945031112
28.785148993303373
24.822185640862681
26.379021070944582
27.410778419870773
21.664740073196711
20.742956057474977
26.066749320543611
27.23395766835743
24.940790910032149
24.0418787842836
24.538150578908247
23.365216230250724
26.334471219125447
21.841774405390183
22.638495673207562
18.691433860835623
19.976564498642993
20.234675541604641
17.177003729904428
18.367825492930752
16.37970184928659
16.735821752279008
19.037865167979646
23.730794956529536
16.357157985982568
15.247402227136476
13.676381707087758
18.71912844484563
22.652333063595318
23.167076591504838
18.149359097684346
20.664328639994807
11.928224890576049
11.142353319222741
18.119484971510659
14.977366894138346
15.949244546256246
14.646224566596523
14.948004873756028
16.043785544075273
15.510736766392917
14.057014974439827
13.895024249048719
11.083087585095182
12.411844840674272
12.250505634187105
12.05946686163165
11.984802266266984
14.541473696974791
15.688108936329817
15.810783131885021
13.220596043853295
16.737359884283634
15.959876308464009
16.384513604879331
15.986627132609629
15.078492244294171
12.197550730584807
13.063115592392689
13.44003288193951
15.387529029174082
15.382057005794978
14.382346734670701
12.362130953542719
13.484867555947474
12.907290436704825
16.329176614862991
13.474134361732176
14.820508111933915
14.685420467263501
13.762084701060745
10.73201630577236
13.102789573013062
9.8058635415468149
11.790418784769168
12.817320332574118
11.428754202821382
12.63920415513304
13.493053481790458
15.918575412344559
15.5761399081431
15.917128138391636
13.163131641406911
14.294341848212575
12.178996987182295
15.027953687528276
14.089357947869424
13.527406602769913
12.745490649710204
14.706930293053873
14.537421058374836
16.385437056438235
14.501892763523186
14.178817251376429
12.928932590494437
13.52666948714009
11.820421462854785
10.878886423166973
14.19165668122799
14.142527264498348
15.438847518571134
16.110468930730395
15.631854426585832
12.740090193179553
12.557636875059735
15.271300362612454
16.014649795000924
15.715986811377572
14.901702176219381
14.123279055461857
16.024940927693301
16.179723004511036
17.153118156977445
13.760641311024361
14.044429344732004
13.341878649273387
13.715058077504704
15.466284355773604
16.764850395385189
15.672827200276434
17.056463386927312
17.224128628704765
18.185588286519614
18.012503033316872
17.4208130136996
13.982262205341765
15.086586467097193
16.289386998380117
17.649274050068964
17.223361427920938
18.259594726307732
18.243810827893487
19.401913930487687
15.336516724851595
14.336111599122633
16.645888966191016
13.383821490465499
16.1132845583641
17.50256574681778
19.377778649773955
20.423720002705068
20.920517429658446
19.569299720261448
18.561253870147475
19.483577938578662
17.423625392718392
18.86130760622234
15.675742080958086
14.02691516915915
12.665680691512312
16.07893540267213
17.410671407996745
21.013434743296088
21.284961059555148
20.090006960076749
17.434438110513394
19.984924183429122
20.985653044231572
19.392930033680667
20.194241427408929
22.077175938019856
21.323467710204856
23.292711648967686
22.744981147071393
21.313654777291685
