28.205838801006017
24.097658185200906
29.205940572340445
27.931469308362139
27.612838447339072
24.614260171656873
22.668784102645063
20.223315329715231
14.091824536921898
19.740173577191459
20.263248228532127
21.528795537809778
21.58730301436492
19.450094556257927
19.004043310136566
19.167773150056579
20.568975343243075
17.378223192464262
16.305847910082498
18.101812797879653
13.490887810550763
17.695941969474664
16.786620968770688
14.794601888178914
16.307094991071523
14.000205965534457
15.991221066965018
15.544825999012945
19.69275366354529
20.909641325487694
13.069533983805531
17.861608092495899
11.320322016567589
14.797370417958829
14.485862242217515
22.212698685115264
21.144678426571691
22.155566151366294
22.401873091182431
29.814839484768974
32.459847795510143
27.924563335837522
25.052922111741545
24.800059610885896
22.867978557404548
21.784624739451541
20.894329223690121
18.85831577621089
11.961796465816448
18.099928839601763
21.899502787726373
23.552185698113789
27.333891546744752
24.173421900054834
16.959124694575415
31.212681481225964
25.426829842958611
31.785901947982765
22.243909708934545
21.072200307396319
18.383176909121772
18.551038635992718
23.456847173869988
23.543700236276226
24.865542726355589
28.889011320779346
24.727200194388757
21.309195812119313
18.203617293072035
20.904917067390269
24.891118601098203
21.694062095289571
23.912682503716404
23.840053332949289
24.608780864717186
22.905112669288542
21.620142738370625
22.242413608427626
20.988333577562095
21.456769255722428
27.370473377075722
25.617265026331342
25.175670178934631
24.03431683600207
24.264848222643899
26.387297799709305
21.990415015633765
24.274532424517169
28.37590751067389
29.008471815937547
25.438358411046181
25.472693192867254
26.900609930554502
27.060994599522701
24.942826141231762
26.640671026665515
23.342563682865443
33.473228533068074
33.323426797070503
30.379287502715744
23.160697635680627
24.064705661656781
17.818621234757725
19.313005628960472
19.999703674598958
17.48417054208668
16.697836880639926
19.531000745888914
21.16887126333312
19.019940780788382
20.220520858183484
24.690561364814052
19.450058310557086
19.690487617658096
22.945200759948218
19.096335729426109
21.943038636559208
21.713154227335824
19.185154618778427
19.679033808369912
21.127874729460515
21.380979334857933
19.919115732885366
16.938190724686439
19.73332541545642
21.300263704096849
15.371212094697164
14.944915447029329
18.545325609247946
14.199713143712197
19.307095202168561
18.735660863712756
19.172050775257421
15.581504928495729
13.17229016009528
17.340355082860182
15.794254606729577
18.85022407788794
14.292233096810254
16.493990724922419
14.717757178403971
6.5963637884342754
15.680776589742765
14.06038021265824
10.969276966888728
13.942664613459915
15.5259048418521
10.891295334694785
11.954954603123294
15.843170280402427
20.63947567262138
17.620988211620549
18.537547037475953
17.102939363789847
21.572601492419025
19.229608583905957
13.250338000927524
29.498866764631472
25.239103601597719
24.226910341031449
28.129818269261619
32.83300245313719
35.893124332192137
37.745631802766631
22.591410246061166
22.560218632856945
33.718211931865675
20.918880673378858
23.790116472586384
24.285399166595468
20.62313321197691
21.975885535469246
21.027684188561715
26.39820349903836
24.11798206279105
28.607921628442103
24.266268526965973
26.525140554702787
28.820676672670587
30.44459388919304
32.430029617662491
25.675868543958138
30.716564328126189
27.851878238472292
21.060595619394967
23.661987427874891
33.842375863164037
30.733338525168151
29.940492400103111
32.218967943751892
29.81302440767432
29.054325214098782
31.547125262988402
31.200169771438809
30.277217901923223
38.440924015507647
34.633003603163743
31.861761975451905
33.601270093264041
29.779453427798916
30.357248849722964
27.857650681977539
35.647016134661222
39.216934310399026
40.268610750311275
22.385740687206052
23.219739528354623
18.201575334470228
22.640685600066604
16.610107332682865
21.197722810460281
16.922857643396803
21.826615539512566
24.566658521078907
14.141557682199611
23.651973237996707
24.753566321517347
26.449128272678621
23.096945120830497
26.897477063517982
29.753518719865873
22.416253890363841
29.191260839271774
27.032917311075934
35.219775358889699
36.801573357081161
34.236382462149891
29.511202076334282
33.506541689443296
28.867816573277082
22.779286066799877
30.60545312484485
35.312260281938542
34.597659210616143
28.74734922596798
23.56683310219826
27.563780989102881
30.36486260613972
27.527755299672151
27.330179065271146
26.916018256178738
23.141869893174082
23.98759744878096
26.969274448322309
16.828374369826207
15.17109922036707
20.88756441339212
20.112904837496405
21.883180447868863
24.806565429539035
24.562767049860881
24.993663237034543
25.98632547591005
31.378494429963268
24.537726969574145
22.942127927178785
35.421344842336566
40.13929821747864
33.252022360268043
31.539471822716557
32.362730880314956
34.235474964172333
38.098661657634324
32.105212012258555
32.804242094249979
25.778858814588091
29.663904462968468
38.165055409622838
36.154198219505147
24.108597343603037
22.03293923289219
26.309755471251137
26.819723342279666
33.494889135766272
32.844275258076635
31.190546938582699
33.099905991016108
32.292379079814424
28.55387239155656
32.662888594606422
35.978735537925843
32.279225906712256
37.108927768704525
41.708398675435156
31.428504806985465
27.176111085503557
21.953820500301113
26.279439612300074
26.306291430252109
26.809040445755905
31.306860986840263
32.403702815199523
29.981345192198987
25.249010374696532
23.734847693016185
27.658721414032932
26.365387932824788
20.031503696276808
28.15478529677733
31.292945338223085
29.706458126233279
27.652696658352184
27.792438929812398
31.150234977211817
31.356530489711098
28.406243864285216
32.546865879950836
29.814442527955602
26.319224799527611
22.073433533711857
17.619520136542892
24.821480066208331
21.689916726752543
23.699857556099353
24.115562402859453
19.736266453521338
18.086961757330698
18.597056356973837
23.402448092356344
21.258288158566796
23.996935779345975
23.867202560488444
22.129902449143657
18.923118968530297
24.362823835896322
24.603094993713807
23.535416428450134
20.112875803512395
21.127177561006988
23.983261121477774
21.722056416141545
20.88845656732342
23.502721018670197
22.59738636677659
22.203947161678514
21.22311184478302
20.37446835371631
19.639574493685451
22.093793552454223
21.242546893313246
21.093244092040372
30.016882736761531
22.668809832546309
26.692019314173756
28.053314172475197
18.197247097789187
16.703545514171793
25.723853990622835
27.666155711384739
23.875633782344849
21.910874168220772
22.302798991385377
19.232832736233625
26.927138214104687
16.912556007818242
18.825154492923005
17.955379369491979
20.433679990791404
19.841367160397603
17.719871919440269
20.20544785668644
17.374787306464526
15.500830908962485
17.656096139414117
33.651955492192648
9.8981397544627949
12.770090394303265
6.7171879684280658
18.042833447783615
26.762673257103454
28.629305659214197
20.780120960830324
21.212650971022711
6.7943247047594619
2.1195221971768277
23.11942957474534
17.083767217960705
18.977474492324077
15.563487054580138
15.846083425683075
15.845799871327552
17.46689837834791
12.587497574500677
12.319736499381085
3.7768481179743389
8.7653862657666437
6.4863041214254391
6.9236515409369517
6.9329986379724389
12.875711465846138
15.36767507530522
16.177926246730447
9.5756517082340693
18.159104647613752
16.168701147227097
18.528955439016258
17.838205206714179
14.787576544903892
8.106100525176295
11.571992754656936
12.37289025042363
16.72668216875649
17.003470469616442
12.104008134259072
8.704060019410651
9.5579199400117076
6.644107659438399
16.490565190880819
12.344519023608211
17.611825648269676
12.036399999889969
14.712755073375142
1.5918750491969522
9.8684093393937395
-1.8976532364150298
9.7497517231473676
12.862294628182397
6.8717993412997735
6.8487107189341421
14.180751981324091
17.643514747466501
16.112497326073203
15.627353744863386
11.531373288425195
11.800245314055093
9.0640048432088989
13.655913089309964
12.635631627577398
13.071193557688551
12.1120183890826
15.476746490313841
16.46875876017414
18.043953536463292
15.170051735840421
13.996091042977849
13.108022397196297
13.17687934459501
8.7996790600575725
6.4203424639786082
12.700057095940531
12.821329768790338
16.600224437579417
17.199387776897204
17.165682329158461
11.256976996702701
11.584529168856804
16.403257624641082
16.912318812311256
16.380078623000202
16.103342758167042
14.774186837660086
18.164757750875832
17.308765830208912
21.45186623626951
13.97153481917217
14.326272719038233
11.196971858143586
11.380047889122281
16.039669375793206
17.135700086663938
17.668171035942436
18.563820625348654
18.358977959894176
20.245496190111993
18.778955113189188
16.469820662013664
12.285461279770605
15.267242615017373
15.83132154422564
16.893243162645938
18.156351564991759
19.8578732617623
20.197232110334028
23.155133355987413
14.051855194825807
14.773688372005431
18.729593362358656
10.732123355262445
17.247562466770212
19.187894354140951
20.703693663163936
23.653657438621728
25.088666934580971
18.856005663695399
17.898602618289758
20.334206404820236
17.84875538334472
18.993008078570966
11.745849060444328
8.9903300533459181
5.4238243485204354
13.705770113669541
15.427274340072739
19.703642004066872
20.261960673818901
17.720748987591488
14.643556782489172
18.620919229442748
20.447041311228652
17.73019571637132
19.677447487736863
22.925587237526365
21.275161762441233
25.780719037546248
24.553254449771003
21.051410521799031
