0.68208535394788128
0.044572651192004598
-0.28940632454999615
0.97556307683318266
-0.54270539675757579
0.19714943061057083
0.50319730107174854
0.99132389774932528
0.99705940529622206
0.86225598165164352
0.36151601624898522
0.96561124701721068
-0.92039400269433336
-0.29141634041926257
-0.6926127779478376
-0.96310183757669598
0.97008859147207505
0.91686217164703288
-0.60136314505557431
-0.24561857112000826
1.0247195295846543
-0.90043195121796837
-0.75043353589926376
-0.93332901228841036
-0.55630277975187314
-0.99994124491516767
-0.52569870405621555
-0.96803873090986992
0.57909834305007535
-0.87963526919564405
0.62784655940626122
0.35810575490067831
-1.0586770511822277
0.90459739302173725
0.947588593547532
0.93953033994839996
0.96155135870578212
-0.81530683952072835
-1.0068722959279386
-0.89988882915235324
0.1836900486324391
-1.2791613254788017
-0.7934495805482904
-0.92857459975198431
-0.062266667844046913
-0.96904952089629215
0.39411974371195158
-0.30521474497188039
0.54267914519103133
0.89985843545806199
0.59726988654935598
-1.0999427083216979
-0.69554252990690879
-0.9086780104916814
-0.99330223300443388
-0.89977904793875929
0.59152810135599287
-0.8996095655002736
-0.16888281066599589
0.39529662029502455
-0.56173619901921112
0.66434023733597569
-1.0703144641843867
-1.0999239975086268
-0.39038982166691927
0.80742772855451472
-0.50512685463516527
-0.70319414309413208
-0.67940998201355607
-0.99480655839464149
0.90007467257436735
-0.38380372625491443
-0.84158956749854175
-0.81792808386404514
-0.76708127848258845
1.0948826355268213
0.076003416410353075
-1.1405779247322676
-0.96364702784538703
-1.0446789876408711
0.69818961232726251
0.90023792819050952
0.90006394635320219
-0.65214483991425354
0.60187928469636143
-0.41596725635768594
-0.90029027320561839
-0.050732951546211796
-0.98327136183674213
0.73226627012864776
-0.89990605902149801
-1.1121417672435159
0.97700945498253555
0.61017734334321172
0.62983661095850774
0.51738100356716787
-0.53848970488392034
0.44472088832645618
-0.30109430250259406
-0.98334072039463272
-0.99927978473880286
-0.24832329558209917
-1.1001748191857408
0.58327637042589575
0.90304846024228569
0.68513078325453358
-0.38641830537795074
0.70278810764166832
0.89074157817836119
-1.003578213365566
0.12125416956615905
-1.0276525888419725
-1.0564147353766764
-0.79122777863181215
-0.99414139146372227
-0.90035659655649947
0.80543329400615893
0.8378498526489343
-0.8997312169972782
0.96286233473122118
0.66567849806368096
0.8181269773339328
0.9569472287049553
-0.90013696118044195
-0.29992001932091683
-0.8997916377186741
0.99927230162850145
-1.0546429548724345
-0.67562516043801535
0.75272497837681485
0.1675758458031828
0.37374244311202609
-1.0995525142680438
0.8670258674839505
0.35344027717207849
-0.4343394779579014
-0.95521892254012952
0.32665119106860491
-0.99560563582089423
0.6827364135358176
0.86424706967466225
-0.89282100090119543
0.33757486355146105
-0.45259368985638293
0.29345993113428503
0.98599074862663205
-0.63147787638737007
1.017382854382217
0.72336905313523558
-0.89947865060400667
-1.100087888456569
-0.81607632483569637
-1.116026338684023
-0.39545488921670169
-0.97428103430955271
-1.1513275137495682
1.0566202429751756
-0.90046977371328563
-0.16223456784680754
0.62177600763804342
0.14656446505193271
-0.13090012114869456
-1.0036798176550488
0.96329663448911207
0.26616001236193443
-0.35536908959397462
-1.0953925598315073
-0.70181297166063572
-0.51260787424675003
-0.59220188363591153
-0.62840681849361724
0.89975558058110616
0.89967742951592466
-0.89292386450031591
-1.1000878586344065
0.050041987539920965
1.0541781301708317
-0.42959986680867868
0.15164757192573197
-1.0752633995527752
-0.3860690883166078
0.58391657149118392
0.90026606256469999
-0.89977267175394826
-0.45509011637996144
-0.51025295344383548
0.85450259472432388
0.12271095083450211
-0.79454236103343201
0.69302670995764737
-0.88877784630873258
1.0048822742321457
-0.34025444487245082
0.89842449398589197
-0.59811430288011447
-0.89646067648859629
-0.89975352026194044
-0.85671344796865867
-0.90012689169681059
0.89992122416452236
0.14099034964991305
1.0996917133411561
0.90521642203839325
0.71423019461318227
0.91286646254472303
-0.6936202184878465
-0.92029424078450672
0.46776701773142637
0.54889594007408871
-0.58041098391956758
-0.11164649222501397
-0.60739247413088071
-0.92883067412072085
1.1003095723337086
-1.1004156332496036
-0.90035594117567164
-1.1425113687680049
0.48330371314444343
0.40305732256677118
-1.0998976994681111
0.92548615760620112
0.89077097381098647
-0.9598820241368522
1.0101085118343491
-0.94273851218413562
-0.12984897078514782
0.049517447088774008
0.47008951166293944
-0.89985213256457608
-0.4375982175980131
0.49574274047402633
0.54238962196369733
-0.87549663740209527
0.88251439404793286
0.62902785065534506
1.0999581947719703
-1.0869239143411082
0.96415852722098216
-0.78631140442331027
-0.9987753494394398
0.65764170978483472
-0.89279921928238615
-0.92980456430742464
0.052779378595772919
-0.52413696290361089
0.88185045121506134
0.90773272562293139
-1.0327753874021706
-0.49076379302539586
0.92012457571906592
0.73149283149455302
-1.0343187131112586
-0.20056551985530915
-0.86057486219185264
-0.84992654407892365
-0.85018572150401017
-0.3346902594500254
0.8965571264595068
-0.95037341448002199
-0.88485295738406977
-1.0984527791446657
1.0145355398714668
-0.6738883994224093
-0.98202220954757591
0.052201878642284885
-0.72625517811618368
-0.34867892271466183
-0.86008882993815472
0.14266815384911197
1.0438998669632193
