0.0062563060279431926
0.36483888612891285
0.27902913083387254
0.99878918873609401
-0.67173934438029748
0.48276973713504207
0.43018240035511085
0.96871611333231322
0.89961723493767232
1.1004899646083437
0.4852964568449864
0.87172610254050586
-0.92133048623270164
-0.6793920372134421
-0.72596860362687443
-0.82142944031399234
1.2109105076344193
0.77929682759880814
-0.81153183171519916
0.29305112210708301
1.2226488470597927
-1.0033715638716001
-0.83279654260532676
-0.79879639684272297
-0.87784186809746445
-0.9961300084069451
-0.63131113592905197
-0.97920511972478752
0.64494614394160243
-0.89967809822309497
0.64704879128656834
0.35616080628560426
-1.1088732177336154
0.99357203657551474
0.89213227699785702
0.95560695499435577
0.99282933938044704
-0.95389792178253807
-0.91247470285480481
-0.8573330183528618
0.40828199204830068
-1.0061781736837945
-0.81470975872585805
0.086275977122667047
0.23823248456607765
-1.0094772082694574
-0.25451854607660246
-0.67051484386768645
0.76315056359310796
1.1155693073514916
0.54170314161072342
-1.2677352571154612
-0.90610329351143615
-0.9341831492408097
-1.0998102986453107
-1.0707400761037478
-0.15914170711168901
-1.0128283582093884
-0.65703017183909584
0.71589575037444608
0.34387894555188642
0.6359058356551206
-0.98514879158792135
-1.3029353552036971
-0.06863278309252735
0.78112488763906662
-0.65794866528926454
-0.86472465508754559
-0.83251082887296923
-0.94356850406367498
0.98518580637884168
-0.78844142001282624
-0.92656140961188949
-0.85042628332315306
-0.61765337495640393
1.3103338456483933
-0.43248319737945967
-1.1725132533386076
-1.0883783250341603
-1.117107472449073
0.90048188257766237
0.81816570935483646
0.90398524562917282
-0.78745729491406036
0.46571214547311318
-0.76504110702600969
-1.0559004035562738
0.49175665993657963
-1.1854515190480284
0.77193213551806106
-0.90012687620995968
-0.9269606000472741
1.137495426128645
-0.23375223967220543
0.76955859557299822
-0.21754317136486617
-0.70730851043812648
0.58052097930318314
0.29828862880255541
-1.1732977398069127
-1.099613683516196
-0.50533247050872432
-0.97417602538955905
1.1304318131902547
0.7968755303443833
0.55436050112117097
-0.67383566366208725
0.86620862992729508
0.77285931487996096
-1.1004694135448363
-0.40048393876112237
-1.0482681879217448
-0.87052037005836458
-1.2225553787760377
-1.0622156776352403
-1.1502288148656052
0.59523132380455945
1.1581738129618369
-0.98989250581232491
0.89984191440131478
0.98934773033141221
0.031028450958961062
1.1258256558849025
-0.9212367417327294
-0.59396961854600572
-0.90028941369311499
1.2316311782007541
-0.9920961066311984
-0.8657076503306147
0.85462366030742776
-0.4294197162224303
-0.36407467911058494
-0.87925787214236206
-0.083184657119561412
0.45868872534913779
-0.68914628682035084
-0.94950510432639201
-0.41376148527121331
-1.2701729069928629
0.58323613415901909
0.72337250848202594
-0.83648541181266434
0.55567976799518037
-0.59659540394685506
0.4140786695497824
1.2694075735086494
-0.69661991254114786
0.94091494119867591
0.79027399087047523
-0.86700645448981883
-1.0206306304107995
-0.99692893005081662
-1.0527898974000747
-0.41761768544611494
-0.94883861625549115
-1.2575400027408457
1.0443562377165383
-1.0053930423593764
0.25400149478624562
0.79271585751659623
0.37939586951732956
-0.68049062879220368
-1.0499735201169533
1.2572146843363112
0.42360058344550006
-0.72449403482899677
-0.908139846544884
-0.85580736265539192
-0.62424934344068173
-1.0163427822188975
-0.90018229514877479
1.0443546705409787
-0.11447904713197837
-0.80437391802335267
-1.139518306725581
-0.30530892723150865
1.4393669498970481
-0.72642139053115806
0.66651712564243115
-0.967001037966434
0.20369457256993079
1.0518092940314074
0.50994240582406847
-0.72206223723272922
-0.53580191854713211
-0.71134291143703288
0.82402814798960322
0.84595666309985518
-0.79286377249987661
0.97795865612836397
-0.79593991196799507
0.88020005748373298
0.21096898484599141
0.73473361024016159
-0.78557488398632835
-1.0340615054381148
-0.73629198325228451
-1.0142593429349265
-0.89712680991550608
-0.12564940708827949
0.52531998738747743
0.80643460726032612
1.0406481507180143
0.64549257916334724
1.0123099756024547
0.036928080182512868
-0.94964182464511526
0.62702899581302884
0.68637572888056142
-0.83283515005536546
0.27111261349228849
-0.90012567330557913
-1.053818693471358
1.3902027277029758
-1.0996222797339323
-1.1001263721499388
-1.0544179997280014
0.65487392028252711
0.48903568712462969
-1.1004336470820706
1.0032874723260179
0.91173327256049519
-0.94271808102042098
1.227564165786416
-0.97397902180777485
0.046225502881573177
0.64300899267624234
0.69345535192102337
-1.2998362765640066
-0.21889086328152213
0.69622542245363839
0.58665620129910745
-0.85311935855428955
0.78178651853382886
0.95659984820589194
1.2249351829633419
-0.88716178155481962
0.94461406731609743
-0.8445977631877406
-1.1004228648012404
0.6289364775701165
-0.91122843465272019
-0.78414210668165141
-0.36802305446733402
-0.70948917486020235
0.87441030378552598
0.51653202912014895
-1.0046424664766165
-0.73110415246389837
1.228888482430752
0.82799414072818478
-1.0723298761752014
-0.57708917521030068
-0.83789884430906136
-0.99928655606370786
-0.84152475699212581
-0.7327279641811919
0.96742758303286824
-0.94249344890157194
-0.79563267185560616
-1.1316701229552801
1.2246239963377386
-0.90573773856441542
-1.0755233425545583
0.28134738933281839
0.26332141124590097
0.17616733992994521
-1.0013189322627647
0.20903763872605324
0.1935565271413992
