0.91285745644912208
0.91334123699655345
0.87749967306279819
0.91674284980939946
0.90728940303678907
1.1145682479225671
0.97221890340275396
0.93054748555516187
0.88635777045596775
0.84999391558990411
0.93870506592861225
0.94218921840538372
0.82417768270573677
0.72079524345828849
0.88903368965768315
1.0659692365090345
1.0441754789200375
0.99052162921094333
1.0495248723405035
1.0031658945131861
0.9832966851675764
1.0803138465932842
0.80499989658322524
1.2064169357642656
1.0034242987170232
0.96032149684983947
1.1060246455973681
0.93628781879439726
0.91842897965052739
0.94144390443069992
0.94865411367832242
1.0951089743590301
0.85307255596685461
0.91522642802947063
0.84999391558990411
0.87227045093827793
0.90727506105363798
0.84999391558990411
0.86195744004501984
0.93455568740700379
0.96736955270895075
0.97502083338802281
0.85912045544876037
1.2524062836641838
1.150575565485457
0.99090429927209889
0.94679252749004084
0.8932827817538691
0.93586437013081003
0.91202326524191779
2.174988445763784
2.2399252520371284
2.2816293741472409
2.1826347082608333
2.2819578824422337
2.198096407367188
2.3285869070508696
1.9079265771890004
2.1463645430389748
2.2114879402976846
1.9720248656585966
2.244087707578339
1.9803278663575916
2.2520516892388889
2.0656227499618147
2.1548299451253849
2.3064898003627992
1.9623753017394097
2.3365499197422026
2.0231030420379805
2.496671512060916
2.1002641730967677
2.3620570134545265
2.1411687999118194
2.1153775842322284
2.1691918497441005
2.2335318168491085
2.4410648680500526
2.2893352492647017
1.8866570267667033
2.0227134662417696
1.9453838490502124
2.0539569977376586
2.4522574782828088
2.3194027382009019
2.308025869153715
2.2611730127999365
2.1888977662343376
2.1298138641105666
2.1648802308259905
2.1542733118034727
2.2292061288199996
2.0772825251710145
1.9127558136982408
2.1700802162130337
2.0779744392464909
2.1463951836191013
2.1282599142541061
1.9086067460429574
2.1405904866050833
3.151752436345419
2.6443609964482597
2.8591203713505209
2.622136129563283
2.9122605628312108
3.0048431970897092
2.5098781794052933
2.7196208328346159
2.6662428562162246
3.190409970241519
2.6455538096853375
2.6487573506596478
2.7877116275340268
2.7088913016839662
2.9503323113921454
2.8852886482108082
2.5924251202842541
3.088914136862233
3.2367380719128671
2.4191764641412554
2.9583907553831059
2.6786972092071122
2.9552462731154359
2.5289423835119371
2.807662529757168
2.6498884813688037
2.5113776509410108
2.5164364163952366
2.8212943262449524
2.4883311684205629
2.7611588708824231
2.8639926189356211
2.8884580383110539
2.3668369507774232
2.4062737507828027
3.0668462776689269
3.0003291936296956
2.5891939419603132
2.5066013168059462
2.7637331010242132
3.0152964348794269
2.8518463748451
2.6443609964482597
2.9949952056685998
3.1012688233912611
2.8755601736883127
2.620346284210517
2.6750063535380741
2.8945157568700801
2.5566195424749587
