27.587408120122632
23.232928085161983
26.766090167289168
26.274731173836603
25.802798586629379
24.194689460284266
23.094169986943999
20.461275363529793
16.361186259245919
20.668831778802701
20.375050980143659
22.113025626590868
22.619252324969398
20.500027271843795
19.552510825500327
20.43584540341433
21.923645940107438
18.212125564364008
19.018952599820565
19.250301718296647
15.35023049217817
18.354103843232334
17.254961725675436
16.08649682314951
17.30666868323015
16.215562617288864
17.386481120696889
16.78737280043822
19.39673919148191
20.220660677155387
15.000849616168409
18.372985189547961
13.861849832202724
16.260684878717541
15.773847933606353
21.945022738591881
21.292483600178443
22.551680684463186
22.731969683092835
27.96007383049264
29.300472044477946
26.267850165775613
24.805867868691116
24.547890248721817
23.014662803703732
22.468329672162426
21.629913967027594
19.185370205678716
14.882533991662562
19.476889612644282
22.567626041739839
23.574754649577883
26.437895607950086
24.554513518112682
20.084971109968698
28.220079319427622
25.919708069343908
29.028451324675785
22.99939396725436
21.804652802151306
19.590209539222506
18.982228085269632
22.914211888772638
23.137134512818932
24.061149612146217
27.847077881885269
25.424545186951693
22.536288346834766
20.174540059836335
22.065785150123773
24.110763440055603
22.127396982319574
23.731408595916609
23.545504250953641
24.124242780512095
22.435032505388197
20.73535752620252
21.898151484651578
20.850633521100733
21.850226091771798
25.956215138976699
24.249634165131287
24.694548832478763
23.801207910108513
23.63555030544395
24.95541512693794
22.139504569774598
23.606690360495296
26.02412742733695
26.77188750097039
24.486268488427623
24.433798170100737
24.776675867361657
25.412313555346181
23.000287513544819
25.327546293194867
22.865842243980204
28.689330102593509
29.197164851058503
27.229292023604589
21.663776899741308
22.558825081585869
18.423852427054715
19.01753874508832
19.452960968897884
17.550357879357936
16.961335281660354
19.046001407861922
19.903520228693168
18.492779469693222
20.265659870065655
22.933559214381347
19.072833554864555
19.022674983415175
21.888812014852821
18.946817278825552
21.427393046136867
21.356937915383408
19.364316995420708
20.193777740039458
20.318443385953938
20.200254260004527
19.01439825593144
16.928760712997246
18.949596936947291
20.046276653474724
16.159245811411562
16.124419502250888
17.840745531192063
15.694057929064144
18.598490069141214
18.441726823584847
18.771442927851382
16.710344253852714
15.029880523071069
17.110026761167145
16.49179827763458
18.089833640842237
15.243061095539346
16.542735632737745
15.082977664318019
11.327346772519579
18.345036632629572
16.40625512922805
15.123443938060783
15.620357606242674
17.586716206660824
15.071186437640115
15.405277852039633
17.580173304075402
20.539296013080918
19.353431197532831
20.884126601332536
18.534813865300674
21.275383042940444
20.091803616461672
16.916530159039873
25.805710708435292
23.503349709073532
22.916982993216461
25.281006909012355
27.861277050412205
28.371008378688206
28.902280856603753
21.803256255394771
21.629509915869608
27.83277376386161
20.751823627875673
22.091462137666955
22.413146555089931
20.167253610283051
21.254179473026326
21.151022463479837
24.767732163324428
23.778753215380355
27.183082575253756
24.21723325007185
25.419017023183748
26.528797092828107
27.536329759961269
27.802422581973357
24.539240462073984
27.053010276035533
25.463491842868478
21.217069555321579
23.000905606829612
29.344568270147164
28.716908351141015
28.617423079045484
29.622414587849306
28.51208414289302
28.132631220022201
29.500187975427064
28.985531574726053
28.655393831026448
32.581742326187531
30.824890321007185
29.438074192545585
30.25958385506808
28.092470772516993
28.345352816469813
27.547970939198564
31.227596003329261
32.418199141941585
32.84813658030096
22.634146122809689
22.5290032388911
18.628127300864506
23.038680061765884
19.173988784518521
21.608246063861653
19.32629509510117
22.62158782323641
23.756264612950694
17.341576226340937
23.105245171195055
24.136275636230096
24.172665651729655
22.31711381728628
24.756009135234475
26.193306568053565
21.800093071061568
26.209355457809689
24.808116122062589
29.366478823235095
29.854713919147525
28.841010336718153
26.257715347204048
29.335370119777906
27.105613912302516
22.255893823280825
27.06173999627417
29.770969262959014
29.320409954585948
26.442156493668854
22.921325222506617
25.662664611229388
27.160029255537964
26.663582018965968
26.258724746358986
25.424544042574468
23.079121431503886
23.905449720643368
26.4824155550669
18.777901526285916
17.408432110428578
22.049195631144428
20.666647872825006
22.238806801192766
24.539073193324118
24.534536737475477
24.98313664777141
25.388942822487657
27.745891975653151
25.465668322311547
24.691551654774507
30.689481679088008
32.620529849228333
29.113788472480845
28.447592192687644
29.009636464571432
29.95533918504535
31.669771520573974
28.354406766223349
29.122128679192219
25.971559628486585
26.991456229300535
32.180476207689068
31.985930800027525
24.103132755014897
22.292374867742282
25.470931648193421
25.112222770342576
28.748351056232167
29.239389789647458
28.559061850402507
29.094076337677528
29.012073810289408
26.907480276055828
29.612334015618536
31.082312263066676
29.432650843345741
31.042735526179925
32.03441208069566
28.888910261837577
26.823439760809777
23.576767791038051
25.898113436984868
25.701382871922007
26.070114667469742
28.197124481760511
28.678340627266298
27.527669116686145
24.495625920677249
23.271778383512117
25.832539301302496
24.854960370752391
20.531990952508838
27.695391664624914
29.090089204175143
28.160566193128616
26.298091236092795
26.673944447783541
28.703033335642747
28.166256660570571
26.136163240965157
28.247945805667097
26.774592705928878
24.642896562694606
21.794339718151065
19.966221001587066
24.200472994430505
21.081866954404951
22.814973574068851
22.77470533411935
20.377359446590386
18.502147497394869
19.30634655286228
22.65209428031989
21.389415511980605
23.321659689680558
23.255486181951383
22.330944479964426
19.682764474412224
23.851164775012471
24.417395659398235
23.600406541210639
20.82285996118226
22.893112258595067
24.708412134634113
23.201785688173203
22.74191149354796
24.581774388011965
23.017822637316481
22.705993373576561
22.145811673326211
21.293410422470959
20.579663428264912
22.470058679858326
21.753047752297025
21.475166242497504
28.416680759586392
23.972827018635378
26.081284730635403
27.41186509490683
20.416743140431763
19.367895399017012
25.890805203791565
27.079961802227093
24.360188738973967
23.241610696050778
24.000417791008495
22.678691476107716
26.076409914073039
21.172712261612627
22.123675739076411
18.290849035669794
19.857006065439457
20.198704126307486
17.360769907261208
18.812006558281038
16.38882703247171
16.741266743899292
18.760053746520995
24.351177787244374
16.174110440366135
14.92163998470464
13.03354413726842
18.89822579579296
22.909391719264217
23.511711834851891
18.26647691167036
20.614594964197835
10.495554366285335
9.4698908719130817
18.305725026546792
14.486557241254651
15.597173205930508
14.038365757240737
14.384189910413081
15.88321592870539
15.077201925507113
13.277710967239738
13.067697373771372
9.7164628871764975
11.218793731400375
11.022593950009977
10.818279303892634
10.689246731352062
13.886268962203388
15.329562879873492
15.570969341214191
12.23861424828451
16.64270715376534
15.686568812009401
16.184987765009435
15.686820851314671
14.553267250831201
10.999530859711669
12.192517830948839
12.548362827469063
14.954247070622499
14.961888808272795
13.748786080789936
11.406201238323883
12.711072310068097
11.800253970108976
16.138305484702876
12.49391301853683
14.41997516888504
14.587414059825281
13.300961734119987
9.3942919103000992
12.275881363647601
8.3091066202564576
10.932166807059373
12.252242036998792
10.449786096703216
12.135504847618227
13.189686443273906
15.765388325778989
15.345000457032503
15.676392033933759
12.637484649661101
14.061749222392432
11.474856345057084
14.999065039928119
14.01413873531194
13.121331576675635
12.111782922137643
14.439611639424417
14.19957394596258
16.521954054413758
14.338802114033211
13.943735744415907
12.38012124032756
13.239301859361477
11.04935363360473
9.7890601779222397
13.545335320086231
13.54899811125318
15.114401482676751
15.904986716551004
15.339928708059659
11.966822090060472
11.97146134533315
14.999469422226724
15.830771630088302
15.389960053611173
14.512916959158998
13.939997083869486
15.821760190246151
15.999909985449076
17.180267526481749
13.490943055201639
13.819483977612284
12.966993680157646
13.486214882860112
15.336374118128292
16.745663807612285
15.572620683501343
17.08418935175305
17.318239164207256
18.465465384104839
18.256152421456306
17.657985696180397
13.696746526783368
14.471952046616749
16.039646129626671
17.709863332613111
17.050684599564377
18.190983678661436
18.343660110354687
19.884569376321021
14.751076978152851
13.576702056061009
16.366818257896309
12.39371586894501
15.738713819457434
17.496658670398531
19.668017878151939
20.898506836347639
21.486397653380923
19.975814926068345
18.881090155373577
19.952052212613022
17.330439186982797
19.194695892424999
15.470528459439365
13.524717431058496
11.858752015342821
15.971751146379624
17.564497352438124
20.48809688254379
20.830614592693344
19.441786753348826
16.251723165942895
19.246012266749695
20.451692061266989
18.571076531158184
19.515869479857514
21.930781146394114
21.051226412699979
23.402049854551997
22.748065171124825
21.028854345440383
