26.060401179646608
23.090137391625749
25.526129413266929
25.679256140461536
25.118627909362505
24.198660635846998
22.933192885895384
20.785677583940249
17.416723478895875
21.096152238853144
20.6672901258157
22.201687499312669
22.701743772753371
21.004475187168495
20.111734048816967
20.980652982415112
22.137081316860794
19.133147092015239
19.654456855250594
20.004433927450748
16.803451538336557
19.20796713750515
18.283993730922539
17.391602196656475
18.415828876280287
17.493772117738974
18.526502076684608
17.819998915109615
19.834070658232786
20.391150534212159
16.487266816973086
19.108257839207813
14.946805426857352
17.5226205986141
16.708319796017349
21.997308554374083
21.535026537863061
22.654891805046397
22.755562045141367
27.589576176061424
28.773215811654318
26.230729073240411
25.200815838828703
24.950434861382597
23.429605787404736
23.145937413413126
22.376704757620796
20.176816670298972
16.401568603646044
20.783059603471415
23.138664220748353
23.810636457749602
26.28793828464833
24.947725897235919
20.899884817555886
28.315507593358447
26.496094327557206
29.014347169454002
23.400256615676149
22.373065723342595
20.692605600029843
19.990783087809795
23.036249686381616
23.193389175849813
24.43419590415197
27.83788644661346
25.617563586636042
23.34294843464717
21.461609546843103
22.911210171800299
24.315541039632254
22.716607171117591
24.188416259868347
23.884554009390882
23.974859661118018
22.392437904420191
20.993443321099779
21.997654405820128
21.245484506700397
22.145639488874092
25.481716433971506
23.995978233005047
24.68527539939284
23.947819280782799
23.585391626825714
24.38113379997403
22.549857053077545
23.495931716198633
24.60822419826258
25.242989370442142
23.76740004300888
23.69756205940876
24.188802497070821
24.985175465075045
22.82935871605055
24.481186351223101
22.824121546207749
26.381605206803133
27.24754225742414
25.584902881411189
21.307431686732535
21.959387390328082
18.388376138241426
19.531879021529576
19.806160269232038
18.418763896160311
18.004219809629618
19.505414539967635
20.036737062579711
19.094534241616678
20.462055143593062
22.162679513710007
19.626366971358156
19.559106162706794
21.518457466086097
19.498339127451196
21.282993008974397
21.242334420916013
19.831203735993938
20.538082627765444
20.176214056136551
19.943474629159059
18.872985965780749
16.916482120788711
18.807530782347843
19.783661738028631
16.177178678621502
16.600248052720332
17.899574945661239
16.272422258314712
18.472459815287063
18.373605308870459
18.605830515551197
17.080550595844453
15.542611990223715
17.350485904369034
16.896473870322854
18.088542768944166
15.851152134627389
16.906652086151968
15.690565595549312
11.790307354935692
18.752073077898249
16.753425504052633
15.455242875838668
15.799417294854507
17.709858717444174
15.41617701478442
15.811928369469262
17.863741487831394
20.279566739651287
19.298625476426285
21.650816610287009
18.623507760849346
22.044743462852853
20.824428602038864
16.908044575022437
24.177934716279974
22.603610620680612
22.116886510539722
25.568971685751599
25.670235828759786
28.499656749914074
29.002343209105675
21.488698618815242
21.240178832624554
25.582979724923081
20.667119295455098
21.54544426307891
21.786202594318965
20.177774580040769
21.007610242656902
21.283072411051215
23.605655136034169
23.192118019894657
25.767937588725097
23.65868343824576
24.242657211787165
24.755643087837182
25.84358166368629
25.534639944076048
23.887006835455541
25.20646885811372
24.272395797950011
21.472476628452174
22.731699177362216
26.957193062345198
27.117207728067989
27.407739293802653
27.81166375197197
27.533603083326955
27.215946499291583
28.275720404861424
28.75040707430508
28.359745340635406
31.109439167877568
30.382803094018637
28.849391181222373
29.673874989768521
28.241832907219933
28.417855650899497
27.328428879202313
30.587543994948483
31.261569561155845
31.699841309419089
22.827792942874531
22.478142143598671
19.669119809446091
23.199854472429895
19.435135108366591
21.799689522281639
19.610241233707146
22.867240318310266
23.428503358878558
17.858940462855216
22.972585066831243
24.392058143917133
23.113168359864456
22.56290865373381
24.765856382034428
25.67384496051033
21.800287986022941
25.701830534977205
23.540811868554265
26.292275901550283
26.574847295776159
25.988518975284713
24.356756375856204
27.135589538896234
25.729533510552734
22.01372458842653
24.907429675809087
26.691276773053389
26.343401559894712
25.960882978875727
22.464403141095353
25.297050341861588
25.07491549836789
26.156776967725246
25.517979714414917
24.667361817845382
23.219160859338988
23.824149395249492
26.379968232775457
20.172174985417492
19.044151036211897
22.695283900736445
21.445859789463043
22.61364413409493
24.548008824212815
24.636183135712628
25.088924941577019
25.535319622124202
27.130229924368649
26.289962783281677
25.679988670355947
29.93710481457709
28.999639416725053
26.45878865166268
26.103275147047835
26.412571692146837
27.055088105659685
28.264905066240651
25.870187381151805
26.486254709028152
24.793083201049154
24.926082409427767
28.66598671099252
28.971706054951351
24.420232202489792
22.722706108673279
25.342711548749939
24.459186478509885
28.476169711991492
29.49999038715405
27.148115200183454
28.968446726885379
29.353622032689593
26.047806902400545
27.982200851490607
28.376126711169462
27.863162555096515
31.069906580209437
34.418657601574559
28.72144137224339
26.827586800095148
24.235666863626939
25.85977448377129
25.539532599261118
25.780889617184972
27.737517352287576
28.032694753793994
27.249739126798403
24.653284431527759
23.484274280210435
25.426085430075982
24.480319211543435
21.401408077560028
27.657613243293319
28.81497556217461
27.544925482354909
25.379085851697724
25.919949099765205
27.44602644667836
26.38281904748272
24.902871392497495
26.114978090984831
25.241941233841267
23.527597551251667
21.727182689762945
20.637051841613872
23.48524507634724
21.114469163187554
22.337341836978148
22.222776549032535
20.872309262184331
19.387983179385781
20.086601640167984
22.273925747160746
21.533748130016626
23.02919015855111
22.994182156180386
22.480508849707114
20.525226274200776
23.528487878224439
24.269970472638249
23.546533090137267
21.37951907513817
23.139082973123564
24.471554822197529
23.293773573049386
23.588745170335443
24.969399502497961
23.230673048931394
22.966591127570002
22.594027010861012
21.840726623567548
21.282147613562188
22.659513436801625
22.095930300777493
21.855801995559446
27.340676959160447
23.692198585534083
25.214028524480277
26.504324438717976
21.608156895537881
20.725557577689042
26.100339615684007
27.022585606472248
24.896683443594888
24.152541571485756
24.707401226387191
23.840418186621221
27.138901691558384
22.37666283645558
23.319307961644384
17.254436341139204
18.738956179787237
18.906488904187093
16.773367368963182
18.011029865333732
16.238691162039991
16.083051974981451
17.551159930927493
24.173766175961479
14.609770495117067
14.616527804965273
12.040295945456664
17.599137320384191
21.850021331781456
22.594207711394894
17.794771072976385
19.427761756434091
10.404914712238961
8.4861643743257087
18.305950356026109
15.137657912620227
15.999433449859186
14.683207795324277
14.915833385443518
15.898276413246419
15.543736686423109
13.611245867548465
13.409251896486872
9.6147701018592322
11.559174104003255
11.091339887614472
10.912675755185882
10.857995873307589
14.028654399591854
15.288484414876752
15.503462712691892
12.414613831880148
16.499935593034603
15.704967220585758
16.304174911060983
15.859273046143713
14.751259031018526
11.401624189542837
12.606689176996397
13.229603544069771
15.372469472228158
15.382484955669069
13.997442877975386
11.930649862393032
12.85646059415653
11.606570038158548
16.019903121733567
12.939834673149115
15.078932730457907
14.013640298548673
13.530307274101517
7.476183919129582
12.574756098960465
6.2782761399506537
10.914510440934112
12.445272796924957
10.672899453496807
11.08567061277375
13.535844256120367
16.04859435060289
15.508426869643618
15.559554837648697
12.284009510807991
13.325059028475536
11.245321319209701
14.360711132609005
13.983511705154651
13.392581793523403
12.442939362048079
14.514869727202958
14.491501051567287
16.257325699138615
14.629746680191023
14.295522390240745
13.05367883508797
13.512021292096804
10.882392327093248
9.4616875240695215
13.813230895924772
13.992463158187348
15.41572586170151
15.917752165700653
15.646495813137227
12.726220431116285
12.266507370886078
15.347958506962463
15.885584285328665
15.506213718774916
15.007392111423123
14.032494618841394
16.009843183820184
15.947174246716207
17.262728997464365
13.609265040493781
14.000275853877092
12.706327017174814
13.112652219049888
15.449806580065765
16.329348726436077
15.827475373013923
16.718145999046563
16.833629653511341
17.766754078086784
17.319528233136737
16.499535137969854
13.352840624954219
14.585991564904635
15.629716135048422
16.66527307302756
16.469925073225529
17.32217817559691
17.478560948533101
18.824121358176338
14.619876671667452
13.978705641833768
16.245328229129754
12.718502710521822
15.765704019488705
17.120352436784042
18.260220659387059
19.402607346944688
19.928002630896202
18.065425037586174
17.284510015292685
18.331033473256365
16.582765673811558
17.749568034180133
15.09960430196243
13.235712176690285
11.286971184968245
15.615309036497722
16.996539629487206
20.651229306584337
20.831930077391682
19.798550713199937
17.622652003715217
19.774524864829662
20.550055015650909
19.301623070193656
19.880079183239715
21.618352119316938
21.07220896294826
22.49649511838809
22.082190313598275
21.089446921126441
