26.53834761080153
23.897664270702911
25.985074397504903
26.328124262324224
25.846331353922857
25.047876283154721
23.788756863565165
21.920833053353572
19.062623183992965
22.211554413429234
21.835736425143747
23.144616669408158
23.661438077250587
21.79806597508507
21.000755464020742
21.78232796838002
22.801260743395154
20.184876725085303
20.642533190283569
20.927769963613478
18.178467694866367
20.233170578356294
19.459629387085791
18.688113929244256
19.564299448452498
18.7509271583057
19.655330079851868
19.031039035656349
20.763381780104513
21.2410629773991
17.919209543026849
20.124582123344595
16.576609811688662
18.781729335535953
18.040807557894965
22.88281166427458
22.502450810642824
23.497071866970781
23.6081989216644
27.724736108606344
28.750755862686809
26.760577564776344
25.874187009475602
25.670030069766291
24.314866118661318
24.072924244440898
23.43726197219053
21.495044499880976
18.30306031500642
22.050437342274122
24.138540818849918
24.654343082301423
26.857230999981027
25.721988214272383
21.627849054351479
28.578910092280431
26.976882987349331
29.233181357055027
24.20005065209984
23.269230762685265
21.808134184743693
21.138081571072128
23.788099881914015
24.009655242084364
25.361426011903433
28.108509750862556
26.175477718531443
24.204236548620084
22.582806194203251
23.813182310790406
24.892465629821203
23.516900983853731
24.774477673678952
24.526183974228669
24.459822276848616
23.049241217964465
21.803702042519902
22.708847931094418
22.076493438779874
22.854797152706396
25.971211676369435
24.626097974925834
25.297530206600925
24.635913059918952
24.465035837687584
25.106307544231839
23.593719661267624
24.343732200046723
25.228171578086631
25.814255347235814
24.556535299077503
24.4795286622807
24.372421722675533
25.089114678935054
23.176935662532749
25.237199093843198
23.825389382401745
26.816139069522428
27.629827550041476
26.172904973654585
21.981297395142477
22.546684102576599
19.332944353961103
20.463185833360047
20.685253514429473
19.498312748002132
19.16034506655506
20.435198150769622
20.874112371800795
20.087404841475941
21.309354540942039
22.77046831874679
20.59159348697413
20.536758738469469
22.20448027139804
20.468415345545729
22.038265123739301
21.979850480918742
20.776967624051547
21.416810092485022
20.540662505270962
20.328356084553363
19.417909980928048
17.753392922644441
19.359783623178519
20.193961034805959
17.115290878151466
17.229255375588934
18.344098065368971
16.954142632307395
18.830538143469365
18.745402120259254
18.9360954198971
17.640511827271823
16.222447708297199
17.876189497791227
17.476358080861459
18.502979116188332
16.591698693915372
17.496338764866209
16.460316324829666
13.116380038967648
19.416718494422781
17.500517746893784
16.392618969824227
16.528386170262394
18.161474986601206
16.360907707370735
16.67927705071768
18.429707764872813
20.511709958340834
19.643938682691974
21.885445810005564
19.012940396351244
22.201944368785473
21.014337478225677
17.426796234014809
24.192760205566643
22.83852604207091
22.072504088841875
25.635299975609151
25.477023110351304
28.154354382789876
28.597366699806877
21.934001694035008
21.632995013470531
25.397820008542478
21.165679760768914
21.92173465585174
22.148862571174629
20.762849855741784
21.490789147914636
22.438796943263746
24.410100014592189
24.088967332740143
26.353202103480733
24.551937039987529
24.975592833730129
25.407490896208575
26.403272877421269
26.106094890318172
24.743601818975545
25.793446856328565
24.997438267018651
22.660743708956431
23.777347413123017
27.368927746861555
27.468065446143939
27.760692695183508
28.087131932467212
27.947660660452961
27.647484230742542
28.563935316939705
29.055661547564355
28.687092816915076
31.114446844888189
30.598294919149936
29.279389141442568
29.982208403128631
28.399616302599398
28.55203835293095
27.70819571292418
30.576364495518703
31.0783739943314
31.456201549847371
23.546234054036617
23.207710931886325
20.799481347499775
24.149306023188409
20.869105690320147
22.891634139562022
21.038905386681009
23.869323703191963
24.036709522345809
19.373504107237558
23.631711451237631
25.072839061542957
23.613873883502198
23.44508484551875
25.320537439429636
26.415653701541203
23.136575494761644
26.472835503384665
24.263192344407425
26.601198236846219
26.834422693058368
26.327053514313018
24.955324054312719
27.456126968067995
26.239373846165172
23.004713099371589
25.437528854904688
26.959378686714157
26.669961990537374
26.713126564407837
23.396122909410455
26.146264807660117
25.597742212774175
26.750094808272866
26.146778315270829
25.410781205499855
24.144419895145656
24.703164755785924
26.986172917312505
21.362491323581054
20.439606116191907
23.616471270494646
22.44388723068344
23.507496130664883
25.232482247434294
25.304483579112514
25.68694625286258
26.117100332342723
27.48880294851034
26.786592252552108
26.313698538255792
29.867038266542089
28.927346358659939
26.73884742915212
26.435926380493619
26.755105232866232
27.277246764848712
28.303036087597725
26.267277171430194
26.784592988610939
25.411957791480667
25.495502069018173
28.813208203465358
29.10344276312594
25.284013877433992
23.535136679157731
25.800955175203448
24.956589984206172
28.769596278373108
29.672643175044399
27.281415193228209
29.20146500302662
29.584940134795275
26.379848263298719
28.452270756077624
28.71757089004862
28.368039868230973
31.481223247349895
34.395301031389778
28.948318618443068
27.451326656149575
25.047318565562716
26.420717265554391
26.107611836042096
26.382825806233189
27.687758469435124
27.943619398549295
27.28638104377363
25.232094613854812
24.19659207880682
25.871675787616656
25.030414380213092
22.424914326668933
28.160356192671884
29.191649822859787
27.984090591950391
25.977054129002511
26.4917566243709
27.788927628397587
26.810520416031842
25.494138363180866
26.482830652246793
25.745589143253859
23.963949462573382
22.451095982578209
21.55748617723297
23.966094164839902
21.910219034741299
22.957729740391152
22.865230792685619
21.736916999694838
20.484861372135832
21.093813793757885
22.942643670029234
22.339752366450167
23.729121867154078
23.693938742166811
23.267730758040074
21.569972140880967
24.174923806498857
24.862451228876282
24.223217121261861
22.374133505412832
24.190211717194298
25.339068232555803
24.318508999933972
24.405014613949518
25.577369646754946
24.008820217223338
23.787796526094866
23.473472121794615
22.802384007890705
22.312334111480098
23.504407072359015
23.014629789756651
22.784720425483037
27.842058303719803
24.620804337251073
25.564024360025364
26.756270429629438
22.783132121282971
22.026284515706376
26.392079607731382
27.401839548037088
25.532050858827471
24.8674395525832
25.408279801510005
24.726840730855621
27.672896838544865
23.129870004943506
23.937559183977115
17.678260187866233
19.011179027670529
19.180511655351513
17.164201993492711
18.198183260629996
16.635856412610114
16.510550778972277
17.943173813692095
23.757745129475978
15.299436009793798
15.273200817560546
12.97747007076674
18.008922132161107
21.864442277343727
22.510744612247713
18.160892916345787
19.701026636595529
11.73785821438411
10.051610336345812
18.547915075636425
15.807917229449657
16.585318790884934
15.415380695896257
15.618684099630432
16.296779158663185
16.176077712615644
14.472617015850258
14.300520524458209
10.90025721223703
12.676650330601849
12.242861359468261
12.126750566153417
12.051230026964447
14.841863668141288
15.941196020124277
16.162058021252264
13.441785323286819
17.006091722151325
16.299531835140197
16.815909908029475
16.451661162602129
15.47490419790841
12.487221428212248
13.622039744325766
14.110160112871601
15.993572143688722
15.997464986482765
14.784844860201472
12.921711149754788
13.650405825028404
12.736467395138391
16.544853676728582
14.001460611314819
15.709800393185203
14.568011704946079
14.263186369609347
9.0167470089438382
13.535539532939033
7.7915221689138807
11.850688105358412
13.214363874818137
11.723237741061183
11.875354732324169
14.146780261132488
16.475506735292495
16.033867540549949
16.236457510762087
13.208098766709089
14.198088328891604
12.141181427129188
15.129892760733181
14.514804912826765
14.136326430742216
13.231852245953405
15.238401635147026
15.19195200647639
16.790613808589239
15.130155329423165
14.796752160518114
13.691392010239843
14.015322811793453
11.704901732833086
10.561580831806006
14.600349339912196
14.71803461577456
15.972273141823317
16.418112712834958
16.162423345076469
13.499769370114024
12.955598179150821
15.860764000759108
16.383564476830067
16.107222524349371
15.59430397042598
14.522896580034368
16.518453292796917
16.509970605391551
17.612326638990321
14.156316218734633
14.558665764789268
13.409426446249991
13.775655427883851
16.000314352136449
16.871337530664821
16.298690599095895
17.198153996217563
17.311490484608061
18.098397041570713
17.87369647852756
17.171675995762048
14.099126829004412
15.502156764729653
16.483433343545119
17.439340447319282
17.229285291145072
18.022687374481372
18.118131911351984
19.213724149711762
15.531490168792406
14.93355293154718
16.938926138766661
13.806717493970947
16.482238151906351
17.658663804989736
18.90032443111345
19.850866703920975
20.301428827849584
18.81177035669803
18.03139084392631
18.922402063525261
17.335043629022344
18.396141915467574
15.547501497386147
13.890727429065318
12.190060335540963
15.982042745238088
17.191621055780686
21.426832766507449
21.60690169403005
20.764313270844561
18.837985304453571
20.664845794651789
21.326897294653442
20.249805225001609
20.736387026851805
22.104783362504477
21.626302160713287
22.816192184214849
22.467791053937447
21.634145289041221
