0.92545607451257017
1.002444605890715
0.99362919146081818
1.0277375731140426
0.93908566090498047
0.93962193501890057
1.0001429268583104
0.9372474911935873
1.1011108394002489
0.97829404207396542
0.91254794884433021
0.96381637649061025
1.0077954684434141
1.0804475735703585
0.9746367483571925
1.0740203016122534
0.94857399690512745
0.92903552255562749
0.91097483626018749
0.94657387478264488
0.90266655559472486
0.94228743583726438
1.0028805326605301
0.97905456428384419
0.97205227791526783
0.99565040885711698
0.95694289396534704
0.91513091981250216
0.91765961631056125
0.9985406560294261
1.0005120416010522
0.91635518074967814
1.0117142448576806
1.0219568444708167
0.97829404207396542
0.95555653051348566
0.90051613159415456
0.97829404207396542
1.0753276989817355
0.92642577362007072
0.94125254735971153
1.3090344771472076
1.0424059561922521
0.98974184999442039
0.9532877943054201
1.0289235872731348
0.94541022477758929
1.0099015468092183
0.91850715407938655
0.94382450098392789
2.1000129961716341
2.1116771191330468
2.273840649616603
2.23771922117986
2.2861521773724105
2.1372767611935153
2.2255047611774534
1.8541730725404282
2.077001546611402
2.1299325813318375
2.0816636523186687
2.1089377781587668
1.9891493657464507
2.2175933748891947
1.826855825126465
2.0275340908730315
2.2191263416127249
1.8108180790907271
2.4885484648159251
1.9467912710187809
2.4643634581738523
1.9519343326764818
2.5009019639332211
2.0883900141866709
1.9881325236848175
2.0617641019020092
2.2486223506592893
2.5064661237976269
2.2441000295016202
1.7031359313073251
1.979421349005114
1.8777518680913754
1.9095141627916092
2.6014198176739871
2.2284872104084874
2.118559499778784
2.2099397181498786
2.2551970737796734
1.9267310738480738
2.14600306075701
2.1345291830383184
2.1435098203864102
1.9858495736097781
1.891604773186383
2.1000357533073828
1.8686964656277216
1.9971525755226729
1.9975393020774694
1.7760151897978598
2.013410721545867
3.1665039546437255
2.8460651499954199
3.0183251432979006
2.8220355746344934
3.0934708227695698
3.0996419485637503
2.6449883672506789
2.9272696690992945
2.9373845617441292
3.0762755727179307
2.7075226755705359
2.863753480973001
2.9405255549627998
2.958958459027667
3.100160418693525
2.953437526176367
2.7507607900106623
3.0134211337159229
3.1853242506034669
2.6546223781097855
3.040747523907342
2.825489382368441
3.061471350802845
2.6783047330741852
2.9109188209942967
2.8088600014933971
2.6196598490570233
2.5785296821063257
3.049220389025149
2.6489874565708007
2.9409628854833474
2.8705989174254638
3.1049405699829857
2.46035520218435
2.6117664686107247
3.0722936034147854
3.0012351075276715
2.7199285051715418
2.5498222746010391
2.8798058959628809
3.0991945911045047
2.9093904384866565
2.8460651499954199
3.0937582790879699
3.1000356434848904
2.9776756163379199
2.8410963717753566
2.8068043447739899
2.8995972889991988
2.6465355354031415
