labels 1 -1
1 0.872403 0.127597
-1 0.483536 0.516464
-1 0.309577 0.690423
1 0.933471 0.0665295
-1 0.295916 0.704084
1 0.578167 0.421833
1 0.81236 0.18764
1 0.947363 0.0526373
1 0.916519 0.083481
1 0.9463 0.0537001
1 0.61209 0.38791
1 0.894142 0.105858
-1 0.120984 0.879016
-1 0.220857 0.779143
-1 0.211102 0.788898
-1 0.14598 0.85402
1 0.964214 0.0357857
1 0.908092 0.0919079
-1 0.244143 0.755857
-1 0.371195 0.628805
1 0.981109 0.0188909
-1 0.0975979 0.902402
-1 0.158494 0.841506
-1 0.14392 0.85608
-1 0.149497 0.850503
-1 0.0494354 0.950565
-1 0.343206 0.656794
-1 0.0752288 0.924771
1 0.777947 0.222053
-1 0.12017 0.87983
1 0.761503 0.238497
1 0.703411 0.296589
-1 0.0323332 0.967667
1 0.956369 0.043631
1 0.914629 0.0853709
1 0.933205 0.0667953
1 0.946641 0.0533594
-1 0.0854546 0.914545
-1 0.0857416 0.914258
-1 0.176319 0.823681
-1 0.463361 0.536639
-1 0.071207 0.928793
-1 0.191651 0.808349
-1 0.168914 0.831086
1 0.526869 0.473131
-1 0.103868 0.896132
1 0.615047 0.384953
-1 0.288651 0.711349
1 0.918674 0.0813255
1 0.940516 0.0594842
1 0.805136 0.194864
-1 0.0291846 0.970815
-1 0.121013 0.878987
-1 0.0847357 0.915264
-1 0.0495252 0.950475
-1 0.0358815 0.964118
1 0.832471 0.167529
-1 0.0470147 0.952985
-1 0.297843 0.702157
1 0.763552 0.236448
-1 0.442048 0.557952
1 0.715291 0.284709
-1 0.073696 0.926304
-1 0.017617 0.982383
-1 0.310245 0.689755
1 0.940447 0.059553
-1 0.41389 0.58611
-1 0.11557 0.88443
-1 0.100483 0.899517
-1 0.0824948 0.917505
1 0.939099 0.0609014
-1 0.194238 0.805762
-1 0.128779 0.871221
-1 0.137226 0.862774
-1 0.256944 0.743056
1 0.982824 0.0171758
1 0.599861 0.400139
-1 0.0273893 0.972611
-1 0.0427016 0.957298
-1 0.050879 0.949121
1 0.858755 0.141245
1 0.837994 0.162006
1 0.911475 0.0885249
-1 0.193411 0.806589
1 0.795065 0.204935
-1 0.168818 0.831182
-1 0.0758289 0.924171
1 0.617816 0.382184
-1 0.0222276 0.977772
1 0.823418 0.176582
-1 0.150301 0.849699
-1 0.118435 0.881565
1 0.964984 0.0350156
1 0.751636 0.248364
1 0.802322 0.197678
1 0.753521 0.246479
-1 0.32086 0.67914
1 0.663346 0.336654
-1 0.297529 0.702471
-1 0.0266262 0.973374
-1 0.0429251 0.957075
-1 0.359357 0.640643
-1 0.0667442 0.933256
1 0.95581 0.0441902
1 0.872403 0.127597
1 0.697721 0.302279
-1 0.302676 0.697324
1 0.872407 0.127593
1 0.864145 0.135855
-1 0.0328868 0.967113
1 0.523301 0.476699
-1 0.0474009 0.952599
-1 0.136858 0.863142
-1 0.0275234 0.972477
-1 0.0473024 0.952698
-1 0.0319231 0.968077
1 0.677487 0.322513
1 0.968473 0.0315274
-1 0.0607236 0.939276
1 0.926612 0.0733881
1 0.891871 0.108129
1 0.900066 0.0999335
1 0.950457 0.0495433
-1 0.107347 0.892653
-1 0.390497 0.609503
-1 0.085752 0.914248
1 0.970966 0.0290344
-1 0.0862239 0.913776
-1 0.110038 0.889962
1 0.902825 0.0971749
1 0.56202 0.43798
1 0.683286 0.316714
-1 0.118815 0.881185
1 0.870989 0.129011
1 0.581609 0.418391
-1 0.309418 0.690582
-1 0.0885165 0.911484
1 0.657424 0.342576
-1 0.0169402 0.98306
1 0.750206 0.249794
1 0.915213 0.0847869
-1 0.209781 0.790219
1 0.626635 0.373365
-1 0.334256 0.665744
1 0.547895 0.452105
1 0.970874 0.0291255
-1 0.227526 0.772474
1 0.914563 0.085437
1 0.85196 0.14804
-1 0.14612 0.85388
-1 0.065042 0.934958
-1 0.0628166 0.937183
-1 0.0627853 0.937215
-1 0.425089 0.574911
-1 0.0810686 0.918931
-1 0.0191244 0.980876
1 0.94594 0.0540596
-1 0.0792809 0.920719
-1 0.370888 0.629112
1 0.872407 0.127593
-1 0.483523 0.516477
-1 0.301299 0.698701
-1 0.0573811 0.942619
1 0.981256 0.0187439
-1 0.466088 0.533912
-1 0.245456 0.754544
-1 0.105879 0.894121
-1 0.191515 0.808485
-1 0.346539 0.653461
-1 0.108407 0.891593
-1 0.140438 0.859562
1 0.947308 0.052692
1 0.864304 0.135696
-1 0.160771 0.839229
-1 0.0389851 0.961015
1 0.519485 0.480515
1 0.986491 0.0135085
-1 0.187962 0.812038
1 0.793395 0.206605
-1 0.083083 0.916917
-1 0.339694 0.660306
1 0.948658 0.0513419
1 0.600838 0.399162
-1 0.170763 0.829237
-1 0.422012 0.577988
-1 0.182275 0.817725
1 0.947662 0.0523384
1 0.837659 0.162341
-1 0.196667 0.803333
1 0.930245 0.0697546
-1 0.169758 0.830242
1 0.923755 0.0762446
-1 0.260801 0.739199
1 0.825692 0.174308
-1 0.166683 0.833317
-1 0.0679214 0.932079
-1 0.197836 0.802164
-1 0.0623413 0.937659
-1 0.0846562 0.915344
1 0.882254 0.117746
1 0.618002 0.381998
1 0.867786 0.132214
1 0.960302 0.0396979
1 0.782436 0.217564
1 0.952803 0.0471971
-1 0.170901 0.829099
-1 0.0765043 0.923496
1 0.81575 0.18425
1 0.809059 0.190941
-1 0.155515 0.844485
-1 0.387983 0.612017
-1 0.155521 0.844479
-1 0.0474632 0.952537
1 0.988908 0.0110924
-1 0.0528351 0.947165
-1 0.0413813 0.958619
-1 0.0720118 0.927988
1 0.756533 0.243467
1 0.616652 0.383348
-1 0.0440599 0.95594
1 0.933069 0.0669306
1 0.909595 0.0904052
-1 0.105062 0.894938
1 0.978959 0.021041
-1 0.0610675 0.938932
-1 0.254424 0.745576
1 0.603967 0.396033
1 0.785076 0.214924
-1 0.0219534 0.978047
-1 0.180035 0.819965
1 0.82728 0.17272
1 0.614379 0.385621
-1 0.171363 0.828637
1 0.854841 0.145159
1 0.900165 0.0998352
1 0.969216 0.0307841
-1 0.118722 0.881278
1 0.921198 0.0788021
-1 0.14686 0.85314
-1 0.0492945 0.950705
1 0.839629 0.160371
-1 0.117747 0.882253
-1 0.173047 0.826953
1 0.605575 0.394425
-1 0.179567 0.820433
1 0.897967 0.102033
1 0.829988 0.170012
-1 0.0630931 0.936907
-1 0.271035 0.728965
1 0.980739 0.0192606
1 0.818392 0.181608
-1 0.0670971 0.932903
-1 0.340011 0.659989
-1 0.111887 0.888113
-1 0.0846689 0.915331
-1 0.119761 0.880239
-1 0.285643 0.714357
1 0.925376 0.0746244
-1 0.105235 0.894765
-1 0.155521 0.844479
-1 0.0397581 0.960242
1 0.979583 0.0204175
-1 0.143099 0.856901
-1 0.051937 0.948063
-1 0.368009 0.631991
-1 0.334069 0.665931
-1 0.225019 0.774981
-1 0.0744058 0.925594
1 0.518993 0.481007
1 0.951536 0.0484637
