labels 1 -1
1 0.870488 0.129512
-1 0.49163 0.50837
-1 0.199482 0.800518
1 0.891572 0.108428
-1 0.141684 0.858316
-1 0.427629 0.572371
1 0.822484 0.177516
1 0.898283 0.101717
1 0.939245 0.0607553
1 0.887306 0.112694
1 0.645181 0.354819
1 0.879741 0.120259
-1 0.108014 0.891986
-1 0.386049 0.613951
-1 0.145597 0.854403
-1 0.106078 0.893922
1 0.913456 0.0865441
1 0.908485 0.0915155
-1 0.141565 0.858435
-1 0.247925 0.752075
1 0.91578 0.0842201
-1 0.0930981 0.906902
-1 0.14638 0.85362
-1 0.115791 0.884209
-1 0.182445 0.817555
-1 0.0551783 0.944822
-1 0.141793 0.858207
-1 0.0727205 0.92728
1 0.798844 0.201156
-1 0.141472 0.858528
1 0.82831 0.17169
1 0.694657 0.305343
-1 0.0324858 0.967514
1 0.875047 0.124953
1 0.874761 0.125239
1 0.939487 0.0605129
1 0.902108 0.0978917
-1 0.134711 0.865289
-1 0.0805625 0.919437
-1 0.130307 0.869693
1 0.514884 0.485116
-1 0.0238598 0.97614
-1 0.141601 0.858399
-1 0.0435244 0.956476
1 0.513176 0.486824
-1 0.0849997 0.915
1 0.830249 0.169751
-1 0.461972 0.538028
1 0.836844 0.163156
1 0.893955 0.106045
1 0.801538 0.198462
-1 0.0367577 0.963242
-1 0.189261 0.810739
-1 0.108061 0.891939
-1 0.0892856 0.910714
-1 0.0614127 0.938587
1 0.803582 0.196418
-1 0.141837 0.858163
-1 0.4631 0.5369
1 0.715685 0.284315
-1 0.177576 0.822424
1 0.870401 0.129599
-1 0.060666 0.939334
-1 0.0561521 0.943848
-1 0.216739 0.783261
1 0.870264 0.129736
-1 0.190704 0.809296
-1 0.196642 0.803358
-1 0.162098 0.837902
-1 0.0815229 0.918477
1 0.882642 0.117358
-1 0.218439 0.781561
-1 0.141626 0.858374
-1 0.159689 0.840311
-1 0.141495 0.858505
1 0.949535 0.0504646
-1 0.475601 0.524399
-1 0.0199913 0.980009
-1 0.0660534 0.933947
-1 0.0650243 0.934976
1 0.870375 0.129625
1 0.870443 0.129557
1 0.870558 0.129442
-1 0.18917 0.81083
1 0.758527 0.241473
-1 0.245459 0.754541
-1 0.0903151 0.909685
-1 0.377115 0.622885
-1 0.0477164 0.952284
1 0.854075 0.145925
-1 0.123851 0.876149
-1 0.0463496 0.95365
1 0.898917 0.101083
1 0.815719 0.184281
1 0.833991 0.166009
1 0.777619 0.222381
-1 0.278173 0.721827
1 0.654173 0.345827
-1 0.193456 0.806544
-1 0.0553415 0.944658
-1 0.0600247 0.939975
1 0.556223 0.443777
-1 0.0364979 0.963502
1 0.854632 0.145368
1 0.905422 0.0945781
1 0.839221 0.160779
-1 0.314227 0.685773
1 0.85826 0.14174
1 0.870418 0.129582
-1 0.0712782 0.928722
1 0.653101 0.346899
-1 0.0594157 0.940584
-1 0.0600774 0.939923
-1 0.141565 0.858435
-1 0.0689205 0.93108
-1 0.0953722 0.904628
1 0.870573 0.129427
1 0.901116 0.0988839
-1 0.141642 0.858358
1 0.921152 0.0788479
1 0.870371 0.129629
1 0.885307 0.114693
1 0.902602 0.0973979
-1 0.101105 0.898895
-1 0.357706 0.642294
-1 0.0939986 0.906001
1 0.907725 0.0922749
-1 0.0782876 0.921712
-1 0.184113 0.815887
1 0.870379 0.129621
1 0.690774 0.309226
1 0.733062 0.266938
-1 0.0699065 0.930094
1 0.87058 0.12942
1 0.653251 0.346749
-1 0.212915 0.787085
-1 0.0819187 0.918081
1 0.757879 0.242121
-1 0.0348946 0.965105
1 0.734642 0.265358
1 0.907041 0.0929591
-1 0.141498 0.858502
1 0.698928 0.301072
-1 0.197457 0.802543
1 0.712719 0.287281
1 0.90854 0.0914597
-1 0.237704 0.762296
1 0.879384 0.120616
1 0.870444 0.129556
-1 0.0379917 0.962008
-1 0.0497117 0.950288
-1 0.118312 0.881688
-1 0.0443496 0.95565
-1 0.345168 0.654832
-1 0.0756965 0.924303
-1 0.0254411 0.974559
1 0.928012 0.0719882
-1 0.099905 0.900095
-1 0.262481 0.737519
1 0.870444 0.129556
1 0.576493 0.423507
-1 0.474376 0.525624
-1 0.0830554 0.916945
1 0.907323 0.0926774
-1 0.469769 0.530231
-1 0.29481 0.70519
-1 0.0470566 0.952943
-1 0.141549 0.858451
-1 0.147735 0.852265
-1 0.159084 0.840916
-1 0.150535 0.849465
1 0.909957 0.0900425
1 0.904541 0.0954586
-1 0.14071 0.85929
-1 0.0305478 0.969452
1 0.718023 0.281977
1 0.92895 0.0710499
-1 0.33192 0.66808
1 0.651017 0.348983
-1 0.067298 0.932702
-1 0.253271 0.746729
1 0.863041 0.136959
1 0.877307 0.122693
-1 0.115611 0.884389
-1 0.218968 0.781032
-1 0.286388 0.713612
1 0.871041 0.128959
1 0.588522 0.411478
-1 0.141721 0.858279
1 0.847587 0.152413
-1 0.141581 0.858419
1 0.903968 0.0960319
-1 0.156366 0.843634
1 0.870388 0.129612
-1 0.146678 0.853322
-1 0.128271 0.871729
-1 0.122887 0.877113
-1 0.107192 0.892808
-1 0.135001 0.864999
1 0.924121 0.0758787
1 0.513916 0.486084
1 0.960583 0.0394166
1 0.881156 0.118844
1 0.806862 0.193138
1 0.899591 0.100409
-1 0.141703 0.858297
-1 0.0710665 0.928934
1 0.644555 0.355445
1 0.752049 0.247951
-1 0.18436 0.81564
-1 0.357949 0.642051
-1 0.184155 0.815845
-1 0.0772501 0.92275
1 0.938855 0.0611448
-1 0.0375242 0.962476
-1 0.084619 0.915381
-1 0.0466847 0.953315
1 0.651931 0.348069
1 0.683974 0.316026
-1 0.0468338 0.953166
1 0.884503 0.115497
1 0.895691 0.104309
-1 0.104054 0.895946
1 0.942491 0.0575089
-1 0.054723 0.945277
-1 0.370859 0.629141
1 0.547208 0.452792
1 0.810231 0.189769
-1 0.141668 0.858332
-1 0.141649 0.858351
1 0.814536 0.185464
1 0.774012 0.225988
-1 0.141557 0.858443
1 0.868522 0.131478
1 0.855673 0.144327
1 0.940394 0.0596058
-1 0.0529523 0.947048
1 0.870312 0.129688
-1 0.165454 0.834546
-1 0.0755451 0.924455
1 0.870441 0.129559
-1 0.123124 0.876876
-1 0.107239 0.892761
1 0.632677 0.367323
-1 0.23958 0.76042
1 0.870263 0.129737
1 0.931874 0.0681255
-1 0.0651103 0.93489
-1 0.274402 0.725598
1 0.903123 0.0968773
1 0.868254 0.131746
-1 0.0582374 0.941763
1 0.568251 0.431749
-1 0.141519 0.858481
-1 0.119201 0.880799
-1 0.141547 0.858453
-1 0.398525 0.601475
1 0.884507 0.115493
-1 0.117693 0.882307
-1 0.139121 0.860879
-1 0.0363863 0.963614
1 0.917371 0.0826293
-1 0.181258 0.818742
-1 0.0775027 0.922497
-1 0.494867 0.505133
-1 0.141784 0.858216
-1 0.141601 0.858399
-1 0.141415 0.858585
1 0.554133 0.445867
1 0.936204 0.0637956
