0.94406357276482145
1.0162851473845762
1.0039180968946841
1.0338790574858394
0.95488678806016503
0.95613936528629706
1.0087740820274278
0.95422580504016286
1.0989931355343536
0.99158340440679127
0.93200020271250583
0.97600976876652146
1.0180896872039338
1.07578913328861
0.98876929413681469
1.0755994079723563
0.96620992563542618
0.94861040415581499
0.92973311547666926
0.96172684321027635
0.92466801452804015
0.96017556830318407
1.0097000420457496
0.99998606974805782
0.98268175132998214
1.0108242665466582
0.97540863919223408
0.93496696718572503
0.93867682305631339
1.0078028688521898
1.011725559939493
0.94156148908180648
1.0188066930613116
1.028804307628163
0.99158340440679127
0.97371253419467108
0.9247384614508789
0.99158340440679127
1.0747507213365957
0.94530646881546398
0.95923600246402274
1.3000254856388893
1.0436618349651887
1.0097828646138807
0.96798118454466442
1.0410674627617673
0.95925045307106149
1.0170861253835515
0.93698222120231489
0.96142027795290419
2.0987190832968645
2.1172233650945529
2.2722616822685717
2.2292021550328647
2.2869451689809805
2.1311180027487318
2.230635697743486
1.8440365083927157
2.0756618820806878
2.1254907439624513
2.0637037106155733
2.1149305285186073
1.983468018008729
2.2145973865312456
1.8360463695957936
2.031410949278305
2.2174213422024258
1.8067226700660961
2.483797109123532
1.9424554289114868
2.466276925745519
1.9573878868329799
2.4940041126547676
2.0812702933814693
1.99092558064106
2.0654151522422959
2.2461039087258303
2.5053388291751078
2.2446209281297684
1.7069150199815093
1.9737363174118232
1.8725953684556578
1.9116655002657832
2.5907695207358405
2.2242750293763227
2.127517273028154
2.2114818576114561
2.2518658676026635
1.9293266535561044
2.1405848643319185
2.1231229074477871
2.1432580690811749
1.9849908520533091
1.8817106070908638
2.0960408772805916
1.8691192026860273
1.9975100615283288
1.9998024649675905
1.7773469100026991
2.0138818298027421
3.1422542481924873
2.8322141060196762
3.0029423817221148
2.81000412492065
3.0758388169061068
3.0757894354701243
2.6219375201851363
2.9117413304744657
2.9238809593118362
3.0535032022623683
2.7065728281233454
2.8538095025235899
2.930223838510174
2.9407438385039448
3.0788937485772858
2.9442783771509329
2.7425593119131344
2.9888047075476245
3.1539927993667458
2.6404796374748725
3.0254329557105355
2.8130259992073308
3.0398511915585198
2.6737666829065949
2.9016902596568075
2.7966216664199415
2.6169983526862426
2.5766389000983985
3.0332674974401268
2.6380255101968726
2.9265577171794663
2.8492586703530409
3.0867585854544739
2.4530562188942948
2.5931944979902535
3.0476402845700621
2.9890027751550257
2.7125244775671491
2.5487071457451469
2.8719375202252655
3.0809794892567179
2.9015470197152684
2.8322141060196762
3.0756751745482243
3.0804845515938046
2.9670656681180803
2.832382033110044
2.8014662286157952
2.8929531786384364
2.6398654416735532
