0.88586942812296876
0.076648664811375222
-0.24852185591219078
0.89610939517637089
-0.2739582632038785
0.065184040869332938
0.28322482867269055
0.76928202065494111
0.70232182240465768
1.2628625916302219
0.097792628251734237
0.45564665686195849
-0.74058533882283351
-0.23261118755620669
-0.074353701313212395
-0.65621108003804107
1.3301332448500451
0.48917365962721715
-0.44211978402749874
-0.19710611700125524
1.3389531563699166
-0.79432375092114704
-0.55660814023249627
-0.72060156909376827
-0.74411858740262782
-1.0964663248616584
-0.096797739144041994
-0.59071278993898357
0.25974302935694737
-0.70879090284051449
0.15605942866478556
0.16576406210954908
-1.3317971543423019
1.0146171019813679
0.54385111028686572
0.78436618927309065
0.8324514764986819
-0.88520578954451301
-0.93031369850743573
-0.61691363780376063
-0.057319325470976623
-0.95004025349310195
-0.57354605275408843
-0.33253330986992502
0.16284879230869218
-0.82326527977373376
0.1889412503169263
-0.42470850523363601
0.95711446500159914
1.053866391165907
0.46109986714859708
-1.2209134224113387
-0.60094663270938986
-0.83867872560444245
-0.8918691064238472
-1.2960743666008177
0.54236167660584944
-1.2880226775503925
-0.48368190305852699
0.31223812149308727
0.16618231687650825
0.042610681117625226
-0.98603073897341142
-1.6656022932743753
-0.28699055025271469
0.8465415648684721
-0.16894384929849277
-0.64877494942525982
-0.75689130442221131
-0.95510932547322913
1.0067802119219413
-0.64623289224828062
-0.75985903047703973
-0.56706463872019908
-0.25401930246546212
1.4481899525328399
0.11847181422959355
-1.4398221497012487
-1.228872983638011
-1.1404158763718883
0.71886005303072331
0.44750754545823473
0.59378087569003002
-0.41863031562146047
0.33260388273719033
-0.42983710438752909
-0.99658226192529009
0.26907544468939038
-1.4902176348422786
0.37719086238787192
-0.70081544390157557
-0.30184203121582021
1.0557829769032925
0.23588454491798605
0.62097385291652829
0.33111938840320643
-0.25462714580454426
0.23557503167183091
-0.32480349044308121
-1.4336361307963754
-1.2622184957492615
-0.24682618048034766
-0.92959106077356324
1.3178326025205584
0.44544296176895903
-0.033841872413414242
-0.41667807858474071
0.75443242968530644
0.63164931555083659
-1.4149216540715983
0.058797929329600318
-1.1791392637157316
-0.23528690808099595
-1.4602750627622205
-1.1344345141253798
-1.3658153738587098
-0.086151581948382128
1.3244462538629151
-1.0314991508223788
0.58939182178444594
0.96027346162606431
0.81671440772968773
1.0890354576212138
-0.41389228383679688
-0.060869580635576404
-0.83376182466660864
1.3629190057183069
-0.59374731482939114
-0.72688527292384053
0.80009387164899604
0.0038599131615855153
0.086472785431389865
-0.73659723779153563
0.60090121809150787
-0.10895056387279084
-0.2933251494355763
-0.80372358242742237
0.072941749839763481
-1.6577032423419777
0.29877489687745717
0.78420996507215501
-0.50612324740860515
0.22372731472873192
-0.19325393132419444
-0.071348997016183913
1.3933704122029043
-0.45199244985444753
0.5397966661200575
0.53980260980046879
-0.46280160785535907
-1.0310304772994026
-1.0181143198467493
-0.69925966403524586
0.15619139586980088
-0.57157879638485543
-1.6487511933839816
0.994186997491039
-0.90031933493605487
-0.34812302030121056
0.53883201712311402
-0.1028646270337229
-0.48008139386621529
-1.0891413727068948
1.4184921959528891
-0.12213235338567696
-0.5156682540667632
-0.37633594517787272
-0.47836902969774253
-0.091546684751001917
-0.67666031829350348
-0.61138673901693386
1.0388088395242834
0.51689873749709891
-0.3220268889620056
-1.2385003384515865
0.24581221653777449
1.8672905356414602
-0.39425555283461633
0.63697776302146147
-0.94929857103739879
-0.16797394717069869
1.0183227519327662
-0.32192005641047128
-0.1417664811954249
0.1107428808818762
-0.37535363211633754
0.89192050024117164
0.91295586535192697
-0.068930264812341657
0.96422273618527876
-0.54884812743560596
0.71826017217685523
-0.34179771632871536
0.24216708420012989
-0.32179504087753852
-0.76176745842049998
-0.10991153739733678
-1.039242232467001
-0.73062757498026454
0.53937437928611698
0.25537716972658459
0.37894116415691542
1.0011023558599497
0.43299401903520351
0.91278859613273167
-0.37362089187103986
-0.87538880742482605
0.20859954928833152
0.42597207255353314
-0.45879012558851373
-0.28788695816674237
-0.53982783794968581
-1.1718319459219044
1.647342167270728
-1.0802311198807519
-0.95841501658812789
-0.65743076612412821
0.37420942662552226
-0.1216125253937817
-1.2097617621749013
0.94039481492366284
0.68629706178503891
-0.78838021509747758
1.4606547378140853
-0.96960095129271318
-0.42183266135948139
0.16456323581759552
0.23901429805723995
-1.5603676348791047
-0.76415489190206654
0.33686652140172729
0.092253166040966894
-0.6131292810372273
0.62060681092994019
0.99401740513659564
1.3875997527299941
-0.32879843826440192
0.61123304541418377
-0.65185308955327947
-1.1168272499701155
0.30349122884448926
-0.68998477862599505
-0.15886022246986531
0.44898276280985283
-0.17846961746955248
0.80480504023759014
0.30067730759629413
-0.98249567694571904
-0.27409734074215686
1.4279292520922491
0.53627446127763423
-1.0168626920106858
-0.26866918262548134
-0.84847717868042138
-0.74024945565176792
-0.5674394889747828
-0.42126965407726258
0.91902350971119751
-0.78320730891189816
-0.53934533653522554
-1.1967437173615396
1.3142056097860295
-0.58816487783124527
-1.0919229646547866
-0.26568090806157096
0.015113103082088242
-0.41178960482227556
-0.70488576275418169
-0.040350757435721751
1.0803584645454882
