0.9865030573765301
1.0564518832199141
0.89119141684400627
0.98686758987722145
0.92130278923188369
1.33443784043984
1.0052188944413298
1.0367548806426297
0.90744202773578531
0.93667749416370993
1.0576457857991703
1.0247973108623505
0.87308512572154617
0.49975179637312261
0.90001716157117806
1.1293332782817329
1.1638702406854251
1.1282200641576479
1.3177805311404462
1.0779439372430764
1.2413277507612963
1.2418682699768351
0.54252804484852546
1.5238931262467643
1.1678418966612516
1.1798458010217834
1.3392172814353083
1.0665203028370889
1.0481014904374955
1.0460242250967968
1.0999193133210043
1.3963552115658859
0.67112242186470006
0.82717575413077893
0.93667749416370993
0.94015197027914366
1.0566458495446596
0.93667749416370993
0.83261723494402839
1.0669851438309275
1.0505521860850526
1.100505026010224
0.78316185013871209
1.5240730875833091
1.3757868032485769
1.1617413732166946
0.98428590186423204
0.91033109002186663
1.0290335268688469
1.0153213222215247
2.1203442920493147
2.1110598326739956
2.1395358085317211
2.0990077603515971
2.1244605916569475
2.1039465618375846
2.1214292233971781
2.045181797325109
2.1093061287637007
2.1010001770091886
2.0394213385792836
2.1049667836983987
2.0894501409502704
2.1107466429484307
2.0999193294780278
2.1086458432920665
2.1069873994251069
2.09676416646986
2.1422893405167298
2.0933401271162362
2.1448922940294306
2.1021690851493755
2.1488595723967032
2.1050156493591019
2.1040145102515826
2.1086855953948924
2.1289222492904614
2.1808451752452198
2.1113959382225431
2.084622538153285
2.0885800875964811
2.080388327321498
2.0997147657567008
2.1562221963269184
2.1064371240599766
2.1104713864264379
2.1241659607245849
2.1146583757549657
2.1018401516733944
2.0999039925538945
2.1012352436230102
2.1072973309761749
2.0996391246731276
2.0455080730961761
2.1022106324282133
2.1016001890962164
2.1021158024254327
2.1033147102235952
2.0562614998589299
2.1018577737633772
2.8143032895253892
2.2257662977960444
2.6029881621958046
2.26266292280634
2.5533867508447257
2.9788259977913163
2.1331380068537991
2.5312655701309441
2.395105851686866
3.0329482800618663
2.2641046816256689
2.2935649564590093
2.4473220368044011
2.2705350374489379
2.472808735275239
2.4577588406191762
2.2549957333282449
3.0393002777449727
3.6038533714856502
2.1686941932003263
2.6489009075668681
2.2172877388458483
2.981892546531494
2.1996106759989864
2.4408981920318564
2.4005392320726999
2.1776600333923275
2.1680294608366792
2.4488438693852181
2.2832812962095184
2.58836128713856
2.7551476573320715
2.5222777115179746
2.1428039698359251
2.1638543149387113
3.0356651938592134
2.5707279528120202
2.238348460391355
2.1571404841103812
2.4249820816037122
2.691783682910911
2.4954409915771079
2.2257662977960444
2.6932392113476662
2.7939854998028379
2.5054517294420546
2.2684972993211487
2.2969259367162569
2.4300928501772971
2.175235968435814
