0.89869482600502115
0.92914063708077776
0.92812335153323722
0.98016862390177417
0.90802312124734685
1.0547383077579413
1.0238394624966038
0.93106603624136786
0.98588735141190353
0.87873401772306758
0.88196345666486442
0.97276515955607512
0.87175597120909787
0.86779600095342824
0.77383813455370043
0.97393175483949879
0.97604151117501337
0.96709274816548207
0.95498764363136468
0.981714941559924
0.92636400580506084
1.0517961832298655
0.87337646319727158
1.1662779881868452
1.0317879020907235
0.95747669182101558
1.0875351138420994
0.90735682669696605
0.88936633253684105
0.98714609406788312
0.97781760868363188
1.023810921260965
0.8288548432176992
0.84285546688106994
0.87873401772306758
0.87541159447240524
0.83497043519805025
0.87873401772306758
0.96452915708565623
0.92005360072105336
0.95843112963751009
1.0337036660910963
0.9611608563199685
1.2226459971165944
1.1288088395348277
1.008550994761555
0.93299107344772914
0.958809841101812
0.89297589218516782
0.91307555622806547
2.1645271451784569
2.2596519208111205
2.2849702917027481
2.138755725095419
2.2750501206607057
2.2066812870016901
2.3767256177048846
1.8602353018655744
2.1255582899601602
2.2137800574066495
1.8953079379274353
2.2590600772041975
1.8801851202094575
2.268692523289952
2.0389415528659054
2.1402262540182324
2.3511206968683482
1.91346377533186
2.2985185724219628
1.967905828254729
2.5789295605691906
2.0642598017427942
2.3611503735054389
2.1335819683228574
2.0885606166919417
2.1529228419423565
2.2129634302045949
2.4651477702052351
2.3087546193231212
1.8081152142947197
1.960928138058557
1.8728568085013557
2.0109101543623042
2.4985649261602703
2.3731457661347766
2.3687309789057611
2.2676466724828064
2.129352186573648
2.135628495375073
2.1353874243297306
2.1440027080971844
2.2473343289637144
2.0322684647665086
1.8509068083974116
2.1603551645839478
2.0758927752956415
2.1459742300721318
2.1105858048938653
1.8459004309687495
2.1279841421848733
3.2480670167250647
2.725782199661464
2.8717559063812388
2.69732545624584
2.9865541615242215
2.9544126732198395
2.5734234627972921
2.7249194508054408
2.699360587520955
3.1635757249807774
2.7086707176986922
2.6990554821227288
2.8260966145850483
2.7888859630813934
3.0660851876706259
2.9642239666497927
2.6539421926531634
3.0179980120609673
3.1459535661139055
2.4189144923195904
2.9878581891795628
2.775172101735595
2.8980444519174342
2.562974217893951
2.8714049093211411
2.671856900973264
2.5526285578137369
2.579946872372723
2.8931890877221043
2.4990820700899379
2.7446395684687115
2.800155176707436
2.9615861891140796
2.3954460405583373
2.4508131919375487
2.9818228112366425
3.0992889643253632
2.6632704757696457
2.5712853465242462
2.7937253922228287
3.0602912749200564
2.8714968524721334
2.725782199661464
3.0382193131862438
3.144994135657559
2.9148807085804789
2.6544136538901277
2.7317136529024753
3.0025549081343117
2.6413200234797074
