labels 1 -1
1 0.903792 0.0962076
-1 0.379482 0.620518
-1 0.226043 0.773957
1 0.9297 0.0703
-1 0.16628 0.83372
-1 0.448612 0.551388
1 0.862347 0.137653
1 0.959516 0.0404841
1 0.942161 0.0578392
1 0.882692 0.117308
1 0.576368 0.423632
1 0.885048 0.114952
-1 0.123016 0.876984
-1 0.387431 0.612569
-1 0.167553 0.832447
-1 0.166474 0.833526
1 0.970611 0.0293889
1 0.889712 0.110288
-1 0.166392 0.833608
-1 0.268162 0.731838
1 0.981055 0.018945
-1 0.0920142 0.907986
-1 0.166311 0.833689
-1 0.166316 0.833684
-1 0.166345 0.833655
-1 0.0571902 0.94281
-1 0.216002 0.783998
-1 0.0633238 0.936676
1 0.830218 0.169782
-1 0.16635 0.83365
1 0.833499 0.166501
1 0.694749 0.305251
-1 0.0431 0.9569
1 0.928077 0.0719227
1 0.924456 0.0755442
1 0.93318 0.0668199
1 0.949789 0.0502106
-1 0.148506 0.851494
-1 0.105283 0.894717
-1 0.168598 0.831402
-1 0.429353 0.570647
-1 0.0620143 0.937986
-1 0.155185 0.844815
-1 0.098727 0.901273
-1 0.453005 0.546995
-1 0.108327 0.891673
1 0.757815 0.242185
-1 0.35184 0.64816
1 0.862344 0.137656
1 0.897438 0.102562
1 0.862335 0.137665
-1 0.0366584 0.963342
-1 0.166275 0.833725
-1 0.112118 0.887882
-1 0.0482188 0.951781
-1 0.0554281 0.944572
1 0.860461 0.139539
-1 0.0973075 0.902692
-1 0.386511 0.613489
1 0.791047 0.208953
-1 0.223719 0.776281
1 0.826751 0.173249
-1 0.0837762 0.916224
-1 0.0422093 0.957791
-1 0.188235 0.811765
1 0.959321 0.040679
-1 0.309093 0.690907
-1 0.179063 0.820937
-1 0.137135 0.862865
-1 0.10119 0.89881
1 0.949858 0.050142
-1 0.180982 0.819018
-1 0.166333 0.833667
-1 0.145088 0.854912
-1 0.221757 0.778243
1 0.978706 0.0212942
1 0.551463 0.448537
-1 0.038114 0.961886
-1 0.0589497 0.94105
-1 0.0655374 0.934463
1 0.871983 0.128017
1 0.866439 0.133561
1 0.90144 0.0985598
-1 0.181666 0.818334
1 0.814148 0.185852
-1 0.238935 0.761065
-1 0.100725 0.899275
-1 0.407793 0.592207
-1 0.0368666 0.963133
1 0.862424 0.137576
-1 0.12116 0.87884
-1 0.0864787 0.913521
1 0.973695 0.0263051
1 0.788352 0.211648
1 0.782639 0.217361
1 0.793482 0.206518
-1 0.309349 0.690651
1 0.610254 0.389746
-1 0.219702 0.780298
-1 0.038926 0.961074
-1 0.0602122 0.939788
-1 0.487313 0.512687
-1 0.0649398 0.93506
1 0.902362 0.0976383
1 0.912695 0.087305
1 0.77129 0.22871
-1 0.299946 0.700054
1 0.862278 0.137722
1 0.836427 0.163573
-1 0.0592592 0.940741
1 0.601439 0.398561
-1 0.0725726 0.927427
-1 0.108401 0.891599
-1 0.0540876 0.945912
-1 0.0689275 0.931072
-1 0.0535642 0.946436
1 0.767771 0.232229
1 0.926712 0.0732882
-1 0.166323 0.833677
1 0.909079 0.0909208
1 0.885954 0.114046
1 0.929488 0.0705123
1 0.95151 0.0484905
-1 0.0957706 0.904229
-1 0.387852 0.612148
-1 0.0953593 0.904641
1 0.966805 0.0331949
-1 0.0703751 0.929625
-1 0.153978 0.846022
1 0.862365 0.137635
1 0.639115 0.360885
1 0.691775 0.308225
-1 0.119912 0.880088
1 0.862406 0.137594
1 0.607304 0.392696
-1 0.193946 0.806054
-1 0.0885364 0.911464
1 0.753489 0.246511
-1 0.033465 0.966535
1 0.694038 0.305962
1 0.947899 0.0521009
-1 0.18729 0.81271
1 0.651892 0.348108
-1 0.247415 0.752585
1 0.560147 0.439853
1 0.970069 0.0299309
-1 0.262084 0.737916
1 0.919719 0.0802812
1 0.871601 0.128399
-1 0.0721715 0.927829
-1 0.0752945 0.924705
-1 0.0840983 0.915902
-1 0.0524539 0.947546
-1 0.482871 0.517129
-1 0.0700596 0.92994
-1 0.0308771 0.969123
1 0.9185 0.0814997
-1 0.0970241 0.902976
-1 0.317025 0.682975
1 0.88471 0.11529
-1 0.446282 0.553718
-1 0.393617 0.606383
-1 0.0785512 0.921449
1 0.983846 0.0161542
-1 0.43792 0.56208
-1 0.255556 0.744444
-1 0.0843286 0.915671
-1 0.166443 0.833557
-1 0.220088 0.779912
-1 0.1348 0.8652
-1 0.171561 0.828439
1 0.941828 0.058172
1 0.897468 0.102532
-1 0.146628 0.853372
-1 0.067938 0.932062
1 0.635636 0.364364
1 0.975702 0.0242979
-1 0.254622 0.745378
1 0.654369 0.345631
-1 0.0915204 0.90848
-1 0.237607 0.762393
1 0.936183 0.0638174
1 0.712844 0.287156
-1 0.154762 0.845238
-1 0.415649 0.584351
-1 0.232549 0.767451
1 0.96382 0.0361802
1 0.6363 0.3637
-1 0.155119 0.844881
1 0.922241 0.0777591
-1 0.169252 0.830748
1 0.891049 0.108951
-1 0.195367 0.804633
1 0.846208 0.153792
-1 0.16626 0.83374
-1 0.0645338 0.935466
-1 0.166294 0.833706
-1 0.0811409 0.918859
-1 0.14617 0.85383
1 0.862347 0.137653
1 0.514119 0.485881
1 0.904615 0.0953847
1 0.969508 0.0304919
1 0.782648 0.217352
1 0.965181 0.034819
-1 0.111068 0.888932
-1 0.074604 0.925396
1 0.789775 0.210225
1 0.806115 0.193885
-1 0.181545 0.818455
-1 0.350003 0.649997
-1 0.157706 0.842294
-1 0.0648381 0.935162
1 0.984973 0.0150271
-1 0.0688137 0.931186
-1 0.0477475 0.952252
-1 0.0588781 0.941122
1 0.68818 0.31182
1 0.674033 0.325967
-1 0.0609193 0.939081
1 0.947107 0.0528933
1 0.931366 0.0686343
-1 0.110605 0.889395
1 0.957421 0.0425787
-1 0.0768804 0.92312
-1 0.269072 0.730928
1 0.609359 0.390641
1 0.862344 0.137656
-1 0.0636389 0.936361
-1 0.166464 0.833536
1 0.823195 0.176805
1 0.670561 0.329439
-1 0.169547 0.830453
1 0.848278 0.151722
1 0.87884 0.12116
1 0.879796 0.120204
-1 0.0938476 0.906152
1 0.928575 0.0714251
-1 0.163658 0.836342
-1 0.0670902 0.93291
1 0.837444 0.162556
-1 0.123611 0.876389
-1 0.139074 0.860926
1 0.585108 0.414892
-1 0.166378 0.833622
1 0.889894 0.110106
1 0.882383 0.117617
-1 0.068853 0.931147
-1 0.273405 0.726595
1 0.983287 0.0167134
1 0.849743 0.150257
-1 0.0774519 0.922548
-1 0.434111 0.565889
-1 0.153707 0.846293
-1 0.0842773 0.915723
-1 0.151825 0.848175
-1 0.332334 0.667666
1 0.944619 0.0553811
-1 0.115926 0.884074
-1 0.15991 0.84009
-1 0.0412853 0.958715
1 0.982461 0.0175387
-1 0.149289 0.850711
-1 0.0685042 0.931496
-1 0.356303 0.643697
-1 0.166386 0.833614
-1 0.179863 0.820137
-1 0.0719398 0.92806
1 0.506189 0.493811
1 0.950442 0.0495584
