0.91403523518380847
-0.21302651434586728
-0.5139404770185767
0.99562717479587082
-0.77433573830189906
-0.10711556996411187
0.77437226302888507
0.9934299635274183
1.1060162218049254
0.77637325859867456
0.13360722331804176
0.72097762613168881
-0.92705555770850845
-0.23322681522553212
-0.75261737759691183
-0.7743705910902674
1.2486259974894272
0.83119147080762457
-0.78021829394876807
-0.45049828219361265
1.1937603266130421
-1.0752574017012009
-0.77418360312625001
-0.77440471344782791
-0.77400116601256674
-1.1128592313113281
-0.65412308990416312
-1.1436249250740653
0.6101372733018775
-0.77417602327940405
0.64909562258234776
0.31791087458999978
-1.1783058410024645
0.80997145295427175
0.85267441293507507
1.035441809441386
0.94627131391722175
-0.82720483174420478
-0.97160357810665843
-0.7744264932990399
-0.076581382531914599
-1.1414966657672641
-0.7738864968366399
-0.94292939687444444
-0.096593321474622962
-0.96570175973076966
0.44139111135162901
-0.3361107386415052
0.75855675083495255
0.86056511506998945
0.77197466716909735
-1.3657159584239218
-0.77421039116254642
-0.87406340302818464
-1.2323456049211914
-1.0819862622399352
0.68036051637126327
-0.94610708629097895
-0.13019734739168787
0.50024632440043926
-0.58448828503537376
0.77430462071415007
-1.0654089506581568
-1.1953733510080631
-0.76370213163706291
1.101105756588574
-0.47156579619932731
-0.73485378827363423
-0.77439322296145918
-0.97125911794197251
1.0720911097346884
-0.59974445432120982
-0.77413887678402671
-0.83437308754021822
-0.64664672709041537
1.1658724703986256
-0.03711366128109217
-1.2143098028069059
-1.0880743207852492
-1.141001877955524
0.77447265644409569
0.77376930037304736
0.77416829731141912
-0.74496038030203005
0.59541456125617986
-0.58066924249841934
-0.98289786004729807
-0.32717259601840254
-1.2100666609564521
0.77413982400641712
-0.84750257197946266
-1.0484130319820273
1.1618004696508257
0.52711437360408731
0.49299230746877098
0.4921479003288356
-0.4320745927033231
0.16943546578123125
-0.44364842098931712
-1.2136276032897575
-1.0893791199376284
-0.089406201159957344
-1.0873027000014568
0.86850697624441497
0.94313265169130844
0.53009530771442048
-0.36441987205667348
0.77404053925578509
0.61655763133326624
-1.0921121295625915
0.16789571752491089
-1.0926473619365864
-0.95241663692806799
-1.138580599606525
-1.1139179862186726
-1.1157858972268269
0.5677390060279971
0.98055767828229945
-0.77391898292157202
0.97209733590277281
0.77412842485950606
0.96932088496900948
1.1564662812228859
-1.0013983318701229
-0.29213707662888044
-0.95050618100803808
1.1932677263287634
-1.1049198553226005
-0.77440735347634049
0.77387038423365506
0.2251968605747654
0.30183983880691534
-0.94140178111548189
0.77407703689845253
0.20248615743983867
-0.70656024055952771
-0.9886408019695202
0.55015532308322979
-1.2191974933828655
0.33272743586313569
1.1438612502380545
-0.72716025019037644
0.26276241061922656
-0.59957397757986342
0.10792040275178899
1.2263274359086047
-0.54621993302531124
0.80362788697625842
0.77459748534980111
-1.1958153364271826
-1.1059847996755101
-0.96907099567243249
-1.2149526140439026
-0.16719721215182426
-1.107653698939552
-1.2761215588174482
0.93854074553332445
-1.0208788614681865
-0.42448212348218672
0.93733343198107633
-0.12811925274435176
-0.12354064674080178
-1.0636253249789482
1.2353699715950333
-0.067170109234788611
-0.41506962155727783
-1.0458966624581993
-0.77416472561538685
-0.64674796776159116
-0.86068476428407725
-0.74707988707250517
1.0700066055220052
0.88900976187775982
-0.83137181652009184
-1.1841888791749917
0.14362300410719031
1.194626853947188
-0.5294932657568594
0.22413106542470407
-1.0342466890036324
-0.53635631866937761
0.84770498493293289
0.46103933786350015
-0.78546758778561965
-0.2353471275759022
-0.59025476637291074
1.1001839679918515
0.1319498751826611
-0.7887785190065415
0.95455415446075531
-0.77411863004930193
0.83129018696823442
-0.57991815060505847
0.58761135195753644
-0.77389359788120116
-1.1373695181158654
-0.77410343458389108
-0.99173801871108824
-0.77392571660809806
0.77403610381074073
-0.0016853657675750533
0.95037421995310301
1.0700524709659986
0.52627547765728511
1.0996426729736828
-0.92109002177608823
-1.0332437706338999
0.32837772722210368
0.5817464437299199
-0.74683838043977746
-0.33884264048962864
-0.77428880331069339
-1.0570368542247364
1.2258774338380274
-1.1884371274693029
-1.2153523190860342
-1.1852643194070087
0.25472100108467977
0.29438714211139994
-1.1761735450196933
1.0563293467061068
1.0313059150341393
-0.96121042797166889
1.149668578324095
-0.98821838459999556
-0.41314614684306783
0.21094609409301612
0.77394994682164742
-1.1662893145476427
-0.77346686420082689
0.5481979342286788
0.34444403782715705
-0.76580312108231685
0.65031167136300849
0.75244656854929703
0.77409769497360392
-1.0060846258011353
0.8391403489775352
-0.77832087907825309
-1.1199771971759858
0.7084278527190514
-0.92061711218559505
-0.83826158730807221
0.071686417967438798
-0.74407682895178651
0.77393089262497428
0.83006766277992405
-1.0824721261199406
-0.51771693681899555
1.2373404060259738
0.70274067710987242
-1.1336502821836643
-0.18470153958064939
-0.78179471930552369
-1.0413824102543989
-0.77421964210559091
-0.16806569843427127
1.0848912812241207
-0.91239521560778947
-0.80233164429417037
-1.2258717206826923
1.2257060452388391
-0.83259569892685115
-1.1249833835782477
-0.27441142192374879
-0.72900458721120154
-0.61047875732398726
-1.0978221697118036
-0.0095415377852759997
1.201670223182294
