0.90009525761615161
-0.12227305464791291
-0.43421709296026895
1.7374633673830175
-0.027581715794898598
0.49456515783117883
-0.061304937660474096
0.29249216385349641
0.33059805763609018
1.1002911234697994
0.52287603568609575
-0.14439727914367179
-0.19108850038885999
-0.40427018671895271
0.48821367153996603
-0.40081136322634597
1.8359285756895862
0.14463896578963609
-0.54542408976347656
-0.30788365705289439
0.84640834151059208
-0.38985646158670001
-0.41057335524719557
-0.67715035459050421
-0.83630850099219578
-1.5811184615736442
0.34056273926234848
-0.10636646418898812
-0.0075113152637675124
-0.3877364315991691
-0.078249361214684121
-0.087032920991648
-1.9238007583258783
0.24002313455088736
-0.069464990762542422
0.3587781472617772
0.16047312168664463
-0.87012669366110118
-1.1956659997166799
0.17860093893145682
0.096452352584637122
-1.2657249803412243
-0.30043599876891763
-0.49079953505371571
0.22204400744126393
-0.60690203738709281
0.47924080587021439
0.32733885606318242
1.0997860853484178
1.1875547951939283
1.0832701066574693
-1.6019268941129308
-0.7490859785939552
-1.0535032827129045
-0.50809530079960252
-1.7291734561870977
0.36249814148597104
-1.1521691578721192
-0.089853320641563594
-0.080539126191618349
0.047619431586177124
0.64322091712956952
-1.2773331464602093
-2.3392193053115284
-0.92118389746705498
0.2994403521665725
0.013625265648182339
-0.87189198449305216
-0.7427664721262055
-1.1910420685995733
1.6347015467230381
-0.30677807025188103
-0.54077155641202745
-0.27220686769934471
-0.058207948671012588
0.92262277186389507
0.21359905739227092
-1.996698926735651
-1.4759667901738789
-1.6367613156564975
1.139000873306689
1.3388938989664401
-0.12928510066128934
-0.0037693630752032581
1.2793069707424369
-0.52057638326208844
-0.90949745340510302
-0.59535757643502829
-2.1776925411451677
0.0057096731916070759
-0.66081624951854812
0.29168297524774622
0.49104779340550236
0.35422429736498445
0.97286874471335705
0.36707725033971922
0.29957044985169079
0.71025660226987553
-0.48421341688038505
-1.9959266992826923
-1.4339740477868457
0.16015929868773582
-1.3405543327459315
0.89976224604276522
0.17915137900746952
-0.12657253170676597
0.16897355822509263
0.74701927020195225
1.4122888520720696
-1.6437785136231822
0.19326400176351594
-1.6580734027313706
0.23119343120576769
-1.564873630686038
-1.6887910229797078
-1.7030032958136874
-0.14571113014210058
1.4515012314525479
-0.94287180323643738
0.28045205291067854
1.2893434684920417
0.64286044028750067
1.7017967562180536
-0.20817394310048326
0.26835704423690976
-1.2114914505466015
2.0795622997770993
-0.016803427587776198
-1.1003435919761606
1.0314944995285176
0.7516751339772243
0.22537392664381978
-0.86122087796344249
0.51833552015824047
-0.47626285951819675
0.044797039357654528
-1.144046421668564
0.063453394242836303
-2.37738529982416
1.1188460502175208
0.54708340329567329
0.11698495020773614
0.3868349627409825
-0.40284127118674301
-0.76457817269206685
2.0553529427147805
-0.35239438795742567
0.088472223298182162
0.057887218535825347
-0.00033800717776899525
-1.3364659336119058
-1.1233623268441493
-0.076199937474748403
0.56680631464682407
-0.09147248853764367
-2.2881910602619295
1.509072239173961
-0.53451816822706322
-0.71244172420597907
0.56777032773893588
-0.19145092767706856
0.0049639850953950848
-1.6085364017059578
0.88695997496598467
0.27499447247991227
-0.37574207960843459
0.37513117481353259
-0.34323500195840151
0.34090468967597354
-1.1314582730981335
-1.0413640252178915
0.57461302030352002
0.50741229729869741
0.26412646585530153
-0.78826195281483802
0.90505294736822117
2.1300514088654392
-0.49978982251201659
0.83345223308439698
-1.2245467168288906
-0.051233059663436387
0.90009510733974807
-0.15452280861470746
0.6204276550603709
0.065262980894112393
-0.63238745716515643
0.44255599399848916
1.1526867042237194
0.34852184744652798
1.1694890165496978
-0.63255756925171736
1.4797679726783519
-0.52721404760087465
-0.23249881954775004
-0.33223765718189463
-0.46371580045073485
0.68729682002908943
-1.0996833552412837
-0.86133410602764005
0.40008365927951556
0.34430586077667941
0.13162848643936254
0.41095882360160502
0.9942713429502219
0.19137842117302983
-0.87458775639999708
-1.1131175212132667
-0.25571256962372596
0.90040416072068408
-0.36089740287518329
-0.9319602266610687
-0.49778779706884863
-1.3908925286219038
1.2135883786577175
-0.52147168936037036
-0.63281045605546615
-0.138483400846107
1.1095112214306644
-0.27891423825847528
-1.7231501185901488
1.7249518833906927
0.31734630482571913
-1.1004066335294547
1.1422713288307291
-1.4260153538539118
-0.46905298054615069
0.45146092249255348
0.11876429500072316
-1.9610655088117268
-0.78897670314371449
0.15917523911137943
0.61975805731782541
0.18253561202384611
1.3797934539829371
1.2243677563308173
1.5200006970301538
0.30568811658158862
0.083440624385539119
-0.159318452858422
-1.6803250659103621
-0.41437284087721998
-0.230635740608305
0.49062744418326754
0.82347487330709468
0.065770974905846991
1.4847954897372684
0.28213365964462256
-1.4353827473635707
-0.017143581333355529
0.81025047544548445
1.1483851803134033
-0.52368146155031092
0.33796015126745599
-0.98167614179991491
-0.96768260715837218
-0.77916104996682334
-0.2792534253366708
1.5221007416567389
-1.1497169761522055
-0.69882780890126028
-1.7164363211400755
0.79575831971116107
-0.3515077654259281
-1.6435634776513395
-0.062284244232230779
-0.30055913186338651
-0.64053482400371942
-0.47784459547404862
0.36674931376361397
0.75781795188385015
