labels 1 -1
1 0.837696 0.162304
1 0.524379 0.475621
-1 0.333222 0.666778
1 0.907086 0.0929137
-1 0.219973 0.780027
1 0.619003 0.380997
1 0.760597 0.239403
1 0.9138 0.0861996
1 0.920282 0.0797181
1 0.887597 0.112403
1 0.707407 0.292593
1 0.905958 0.0940425
-1 0.0937145 0.906285
-1 0.364748 0.635252
-1 0.11735 0.88265
-1 0.0871573 0.912843
1 0.90405 0.09595
1 0.891874 0.108126
-1 0.216008 0.783992
-1 0.360154 0.639846
1 0.919626 0.0803739
-1 0.104938 0.895062
-1 0.148245 0.851755
-1 0.081122 0.918878
-1 0.251918 0.748082
-1 0.0504744 0.949526
-1 0.245005 0.754995
-1 0.0592968 0.940703
1 0.802719 0.197281
-1 0.115439 0.884561
1 0.822569 0.177431
1 0.732525 0.267475
-1 0.0307021 0.969298
1 0.891856 0.108144
1 0.901087 0.0989133
1 0.891805 0.108195
1 0.907885 0.0921146
-1 0.115468 0.884532
-1 0.0612 0.9388
-1 0.104997 0.895003
1 0.58163 0.41837
-1 0.0215599 0.97844
-1 0.12564 0.87436
-1 0.0932038 0.906796
-1 0.470788 0.529212
-1 0.0970354 0.902965
1 0.726623 0.273377
-1 0.325839 0.674161
1 0.778695 0.221305
1 0.891847 0.108153
1 0.807332 0.192668
-1 0.0400992 0.959901
-1 0.171931 0.828069
-1 0.0813225 0.918677
-1 0.0782688 0.921731
-1 0.0524769 0.947523
1 0.806515 0.193485
-1 0.105066 0.894934
-1 0.406446 0.593554
1 0.718901 0.281099
-1 0.21617 0.78383
1 0.813717 0.186283
-1 0.0486922 0.951308
-1 0.0428612 0.957139
-1 0.318049 0.681951
1 0.871358 0.128642
-1 0.265341 0.734659
-1 0.171436 0.828564
-1 0.151028 0.848972
-1 0.0619382 0.938062
1 0.891722 0.108278
-1 0.230459 0.769541
-1 0.118223 0.881777
-1 0.127524 0.872476
-1 0.104999 0.895001
1 0.932892 0.0671082
1 0.587244 0.412756
-1 0.0192447 0.980755
-1 0.0651953 0.934805
-1 0.0526447 0.947355
1 0.840718 0.159282
1 0.891835 0.108165
1 0.891741 0.108259
-1 0.19998 0.80002
1 0.813783 0.186217
-1 0.244699 0.755301
-1 0.103921 0.896079
-1 0.477062 0.522938
-1 0.0439664 0.956034
1 0.853105 0.146895
-1 0.104919 0.895081
-1 0.0412517 0.958748
1 0.907388 0.0926121
1 0.818291 0.181709
1 0.82832 0.17168
1 0.785427 0.214573
-1 0.266871 0.733129
1 0.745984 0.254016
-1 0.286153 0.713847
-1 0.0481579 0.951842
-1 0.0577431 0.942257
-1 0.431611 0.568389
-1 0.0337754 0.966225
1 0.803998 0.196002
1 0.899969 0.100031
1 0.847535 0.152465
-1 0.315241 0.684759
1 0.83632 0.16368
1 0.889155 0.110845
-1 0.0666876 0.933312
1 0.586917 0.413083
-1 0.0491282 0.950872
-1 0.0539058 0.946094
-1 0.105056 0.894944
-1 0.0562961 0.943704
-1 0.0883701 0.91163
1 0.879085 0.120915
1 0.891824 0.108176
-1 0.144393 0.855607
1 0.901712 0.0982883
1 0.827246 0.172754
1 0.869834 0.130166
1 0.902036 0.0979645
-1 0.0845732 0.915427
-1 0.376906 0.623094
-1 0.0776585 0.922341
1 0.911044 0.0889565
-1 0.0676889 0.932311
-1 0.144643 0.855357
1 0.840203 0.159797
1 0.59117 0.40883
1 0.720617 0.279383
-1 0.0530793 0.946921
1 0.88403 0.11597
1 0.714179 0.285821
-1 0.317775 0.682225
-1 0.0680822 0.931918
1 0.692088 0.307912
-1 0.0327914 0.967209
1 0.827231 0.172769
1 0.888417 0.111583
-1 0.120152 0.879848
1 0.693829 0.306171
-1 0.26517 0.73483
1 0.687527 0.312473
1 0.90841 0.0915904
-1 0.164058 0.835942
1 0.913408 0.0865921
1 0.859494 0.140506
-1 0.098533 0.901467
-1 0.0416558 0.958344
-1 0.109873 0.890127
-1 0.0355252 0.964475
-1 0.304891 0.695109
-1 0.0609422 0.939058
-1 0.0227959 0.977204
1 0.923506 0.0764937
-1 0.0886582 0.911342
-1 0.401572 0.598428
1 0.80719 0.19281
1 0.599292 0.400708
-1 0.422126 0.577874
-1 0.0626812 0.937319
1 0.907504 0.0924962
1 0.615365 0.384635
-1 0.275392 0.724608
-1 0.0385034 0.961497
-1 0.193941 0.806059
-1 0.251924 0.748076
-1 0.209039 0.790961
-1 0.200194 0.799806
1 0.891747 0.108253
1 0.891716 0.108284
-1 0.107986 0.892014
-1 0.0371006 0.962899
1 0.572801 0.427199
1 0.920474 0.0795259
-1 0.302372 0.697628
1 0.590533 0.409467
-1 0.052329 0.947671
-1 0.303004 0.696996
1 0.816239 0.183761
1 0.891797 0.108203
-1 0.100526 0.899474
-1 0.285429 0.714571
-1 0.228459 0.771541
1 0.882272 0.117728
1 0.589556 0.410444
-1 0.129438 0.870562
1 0.834982 0.165018
-1 0.106 0.894
1 0.913756 0.0862441
-1 0.294441 0.705559
1 0.891705 0.108295
-1 0.171953 0.828047
-1 0.105048 0.894952
-1 0.0987385 0.901261
-1 0.0981461 0.901854
-1 0.105024 0.894976
1 0.89181 0.10819
1 0.607233 0.392767
1 0.94572 0.0542799
1 0.893723 0.106277
1 0.839564 0.160436
1 0.895651 0.104349
-1 0.17002 0.82998
-1 0.0598026 0.940197
1 0.759061 0.240939
1 0.790357 0.209643
-1 0.23796 0.76204
-1 0.440894 0.559106
-1 0.219134 0.780866
-1 0.075131 0.924869
1 0.933686 0.0663144
-1 0.0424815 0.957519
-1 0.0686752 0.931325
-1 0.0373721 0.962628
1 0.760261 0.239739
1 0.73208 0.26792
-1 0.0398876 0.960112
1 0.898103 0.101897
1 0.89168 0.10832
-1 0.0819293 0.918071
1 0.902765 0.0972348
-1 0.0486229 0.951377
-1 0.414285 0.585715
1 0.538403 0.461597
1 0.74145 0.25855
-1 0.104993 0.895007
-1 0.238804 0.761196
1 0.760236 0.239764
1 0.779759 0.220241
-1 0.110736 0.889264
1 0.885992 0.114008
1 0.814401 0.185599
1 0.934221 0.0657788
-1 0.0447082 0.955292
1 0.903035 0.0969651
-1 0.13283 0.86717
-1 0.0596709 0.940329
1 0.815904 0.184096
-1 0.10505 0.89495
-1 0.0942416 0.905758
1 0.557516 0.442484
-1 0.19517 0.80483
1 0.88825 0.11175
1 0.912665 0.0873349
-1 0.0569085 0.943091
-1 0.276955 0.723045
1 0.898837 0.101163
1 0.852046 0.147954
-1 0.0575942 0.942406
-1 0.410811 0.589189
-1 0.099131 0.900869
-1 0.105023 0.894977
-1 0.113274 0.886726
-1 0.328339 0.671661
1 0.889019 0.110981
-1 0.0867704 0.91323
-1 0.104927 0.895073
-1 0.0337989 0.966201
1 0.917622 0.0823784
-1 0.184474 0.815526
-1 0.0625375 0.937463
1 0.541541 0.458459
-1 0.159795 0.840205
-1 0.267639 0.732361
-1 0.11675 0.88325
1 0.595281 0.404719
1 0.914739 0.0852614
