labels 1 -1
1 0.909143 0.0908566
-1 0.495931 0.504069
-1 0.297389 0.702611
1 0.925941 0.0740591
-1 0.246803 0.753197
1 0.55544 0.44456
1 0.773177 0.226823
1 0.937153 0.0628473
1 0.920549 0.0794511
1 0.964664 0.035336
1 0.596619 0.403381
1 0.874288 0.125712
-1 0.115225 0.884775
-1 0.224364 0.775636
-1 0.279508 0.720492
-1 0.127417 0.872583
1 0.970762 0.0292384
1 0.889145 0.110855
-1 0.206251 0.793749
-1 0.345095 0.654905
1 0.980819 0.0191806
-1 0.0942896 0.90571
-1 0.175726 0.824274
-1 0.13527 0.86473
-1 0.114942 0.885058
-1 0.049645 0.950355
-1 0.380223 0.619777
-1 0.0924322 0.907568
1 0.756532 0.243468
-1 0.105296 0.894704
1 0.725898 0.274102
1 0.69514 0.30486
-1 0.0330352 0.966965
1 0.960224 0.0397765
1 0.902436 0.0975639
1 0.93127 0.0687297
1 0.942203 0.057797
-1 0.0685016 0.931498
-1 0.0814224 0.918578
-1 0.164866 0.835134
-1 0.497158 0.502842
-1 0.0690307 0.930969
-1 0.17975 0.82025
-1 0.198474 0.801526
1 0.545122 0.454878
-1 0.101041 0.898959
1 0.62475 0.37525
-1 0.268103 0.731897
1 0.916855 0.0831451
1 0.951301 0.0486991
1 0.803775 0.196225
-1 0.0289346 0.971065
-1 0.128672 0.871328
-1 0.0778253 0.922175
-1 0.0561269 0.943873
-1 0.0326262 0.967374
1 0.845655 0.154345
-1 0.034153 0.965847
-1 0.236372 0.763628
1 0.742312 0.257688
1 0.513407 0.486593
1 0.616194 0.383806
-1 0.0693767 0.930623
-1 0.0129784 0.987022
-1 0.305678 0.694322
1 0.941957 0.0580434
-1 0.428195 0.571805
-1 0.117646 0.882354
-1 0.105139 0.894861
-1 0.0733186 0.926681
1 0.936805 0.0631952
-1 0.147597 0.852403
-1 0.100546 0.899454
-1 0.12687 0.87313
-1 0.264184 0.735816
1 0.986178 0.0138215
1 0.625951 0.374049
-1 0.0258598 0.97414
-1 0.0409498 0.95905
-1 0.0417139 0.958286
1 0.872358 0.127642
1 0.821351 0.178649
1 0.90161 0.0983901
-1 0.224745 0.775255
1 0.753029 0.246971
-1 0.17975 0.82025
-1 0.0627774 0.937223
1 0.660395 0.339605
-1 0.020839 0.979161
1 0.832235 0.167765
-1 0.123093 0.876907
-1 0.159959 0.840041
1 0.964678 0.0353221
1 0.740641 0.259359
1 0.825741 0.174259
1 0.768449 0.231551
-1 0.327434 0.672566
1 0.651057 0.348943
-1 0.277395 0.722605
-1 0.02276 0.97724
-1 0.0385374 0.961463
-1 0.323939 0.676061
-1 0.0737227 0.926277
1 0.97357 0.0264296
1 0.8611 0.1389
1 0.658546 0.341454
-1 0.251274 0.748726
1 0.894404 0.105596
1 0.858939 0.141061
-1 0.0261612 0.973839
1 0.525705 0.474295
-1 0.0411206 0.958879
-1 0.191521 0.808479
-1 0.0226884 0.977312
-1 0.0434516 0.956548
-1 0.0272062 0.972794
1 0.617096 0.382904
1 0.976217 0.0237826
-1 0.0455966 0.954403
1 0.907976 0.0920241
1 0.911106 0.0888943
1 0.916552 0.0834477
1 0.952513 0.0474874
-1 0.133715 0.866285
-1 0.443434 0.556566
-1 0.08982 0.91018
1 0.97224 0.02776
-1 0.106489 0.893511
-1 0.103111 0.896889
1 0.898988 0.101012
-1 0.489018 0.510982
1 0.6438 0.3562
-1 0.129272 0.870728
1 0.873996 0.126004
1 0.544446 0.455554
-1 0.309855 0.690145
-1 0.0866916 0.913308
1 0.639497 0.360503
-1 0.0157988 0.984201
1 0.728769 0.271231
1 0.924573 0.0754274
-1 0.20059 0.79941
1 0.637189 0.362811
-1 0.322907 0.677093
1 0.534349 0.465651
1 0.97427 0.0257303
-1 0.223573 0.776427
1 0.899685 0.100315
1 0.854765 0.145235
-1 0.154989 0.845011
-1 0.062264 0.937736
-1 0.0592493 0.940751
-1 0.0718109 0.928189
-1 0.483828 0.516172
-1 0.0993669 0.900633
-1 0.0155054 0.984495
1 0.94391 0.05609
-1 0.0705546 0.929445
-1 0.316355 0.683645
1 0.845689 0.154311
-1 0.421822 0.578178
-1 0.229145 0.770855
-1 0.0477476 0.952252
1 0.983337 0.0166627
-1 0.457641 0.542359
-1 0.200703 0.799297
-1 0.142256 0.857744
-1 0.222794 0.777206
-1 0.385157 0.614843
-1 0.108064 0.891936
-1 0.135616 0.864384
1 0.953734 0.0462662
1 0.855885 0.144115
-1 0.179743 0.820257
-1 0.0314524 0.968548
1 0.560556 0.439444
1 0.99069 0.00930976
-1 0.215805 0.784195
1 0.816071 0.183929
-1 0.0754931 0.924507
-1 0.362301 0.637699
1 0.951587 0.0484128
-1 0.496443 0.503557
-1 0.251565 0.748435
1 0.517437 0.482563
-1 0.212997 0.787003
1 0.946874 0.0531257
1 0.884669 0.115331
-1 0.279582 0.720418
1 0.926402 0.073598
-1 0.177141 0.822859
1 0.903613 0.0963874
-1 0.248041 0.751959
1 0.800662 0.199338
-1 0.211141 0.788859
-1 0.0736641 0.926336
-1 0.260518 0.739482
-1 0.0556127 0.944387
-1 0.0767905 0.923209
1 0.873272 0.126728
1 0.613489 0.386511
1 0.845686 0.154314
1 0.958979 0.041021
1 0.781251 0.218749
1 0.954101 0.0458993
-1 0.179572 0.820428
-1 0.0721823 0.927818
1 0.761813 0.238187
1 0.770484 0.229516
-1 0.191856 0.808144
-1 0.353065 0.646935
-1 0.179784 0.820216
-1 0.0457287 0.954271
1 0.990456 0.00954443
-1 0.0495319 0.950468
-1 0.0459799 0.95402
-1 0.0803602 0.91964
1 0.730477 0.269523
1 0.558788 0.441212
-1 0.0383502 0.96165
1 0.929135 0.0708653
1 0.912051 0.0879486
-1 0.100955 0.899045
1 0.981668 0.0183319
-1 0.0741467 0.925853
-1 0.240394 0.759606
1 0.577215 0.422785
1 0.76007 0.23993
-1 0.0161197 0.98388
-1 0.134879 0.865121
1 0.789214 0.210786
1 0.608732 0.391268
-1 0.163521 0.836479
1 0.852827 0.147173
1 0.915357 0.0846428
1 0.97806 0.0219403
-1 0.162213 0.837787
1 0.911715 0.0882852
-1 0.138858 0.861142
-1 0.0428436 0.957156
1 0.797292 0.202708
-1 0.123001 0.876999
-1 0.245566 0.754434
1 0.698763 0.301237
-1 0.235979 0.764021
1 0.897082 0.102918
1 0.795397 0.204603
-1 0.0596244 0.940376
-1 0.291434 0.708566
1 0.983657 0.016343
1 0.817073 0.182927
-1 0.0566286 0.943371
-1 0.339206 0.660794
-1 0.0942575 0.905743
-1 0.0927647 0.907235
-1 0.12041 0.87959
-1 0.240688 0.759312
1 0.926004 0.0739962
-1 0.0963201 0.90368
-1 0.181949 0.818051
-1 0.0371521 0.962848
1 0.980301 0.0196994
-1 0.1393 0.8607
-1 0.0467366 0.953263
-1 0.325579 0.674421
-1 0.418745 0.581255
-1 0.226448 0.773552
-1 0.0826325 0.917368
1 0.504957 0.495043
1 0.96022 0.0397799
