0.89869482600502426
0.92914063708077577
0.9281233515332401
0.98016862390177506
0.90802312124734552
1.0547383077579453
1.023839462496611
0.93106603624137341
0.98588735141190198
0.87873401772307091
0.88196345666486176
0.9727651595560749
0.87175597120909609
0.86779600095342735
0.77383813455370731
0.973931754839509
0.97604151117502913
0.9670927481654914
0.95498764363137001
0.98171494155993155
0.92636400580505907
1.0517961832298826
0.87337646319728135
1.1662779881868566
1.0317879020907261
0.95747669182102024
1.0875351138421041
0.9073568266969656
0.88936633253684372
0.98714609406788734
0.97781760868362699
1.0238109212609776
0.82885484321770009
0.84285546688107305
0.87873401772307091
0.87541159447240924
0.83497043519805403
0.87873401772307091
0.96452915708566733
0.92005360072105713
0.95843112963751853
1.033703666091101
0.9611608563199745
1.2226459971166057
1.128808839534829
1.0085509947615634
0.9329910734477278
0.95880984110181644
0.89297589218516848
0.91307555622806991
2.1645271451784498
2.2596519208111197
2.2849702917027392
2.1387557250954194
2.2750501206607021
2.2066812870016808
2.3767256177048828
1.8602353018655737
2.1255582899601526
2.2137800574066522
1.8953079379274311
2.2590600772041989
1.8801851202094466
2.2686925232899453
2.0389415528659103
2.1402262540182297
2.3511206968683451
1.9134637753318482
2.2985185724219588
1.9679058282547237
2.5789295605691933
2.0642598017427924
2.3611503735054349
2.1335819683228419
2.0885606166919364
2.1529228419423516
2.2129634302045851
2.4651477702052311
2.3087546193231194
1.8081152142947166
1.960928138058551
1.8728568085013482
2.0109101543623016
2.4985649261602627
2.3731457661347743
2.368730978905762
2.2676466724828015
2.1293521865736404
2.1356284953750699
2.1353874243297302
2.1440027080971729
2.2473343289637082
2.0322684647665037
1.8509068083974098
2.1603551645839434
2.0758927752956344
2.1459742300721278
2.1105858048938595
1.8459004309687581
2.1279841421848702
3.2480670167250705
2.7257821996614653
2.8717559063812335
2.6973254562458306
2.9865541615242233
2.954412673219819
2.5734234627972947
2.7249194508054218
2.6993605875209425
3.1635757249807828
2.7086707176986957
2.6990554821227279
2.8260966145850475
2.7888859630813982
3.0660851876706401
2.9642239666498043
2.653942192653155
3.0179980120609557
3.1459535661139006
2.418914492319582
2.9878581891795655
2.7751721017356008
2.8980444519174235
2.5629742178939514
2.8714049093211362
2.6718569009732493
2.5526285578137378
2.5799468723727275
2.8931890877221038
2.499082070089921
2.7446395684686964
2.8001551767074204
2.9615861891140796
2.395446040558324
2.450813191937526
2.9818228112366412
3.0992889643253752
2.6632704757696404
2.5712853465242458
2.7937253922228353
3.060291274920071
2.8714968524721436
2.7257821996614653
3.0382193131862487
3.1449941356575688
2.914880708580494
2.6544136538901313
2.7317136529024757
3.002554908134321
2.6413200234797061
