29.204422704114855
24.549081641031243
29.57783789380489
28.561699506808775
28.093398279747806
25.367726667334168
23.157113083553309
20.382141328953754
14.002089909316188
20.026066083111409
20.281994532278389
21.977494261170506
21.9701047646634
20.248056414333924
19.688305752965608
20.001152217323831
21.423980301722413
17.918430181465411
17.16702078069402
18.882755290670289
13.940783991163585
18.289279873694511
17.109428556589776
15.195564284998431
16.807308194803102
14.621187507864683
16.589205471875552
15.969162269103574
20.128182499413981
21.313164496324049
13.392317009200836
18.449974287546162
11.363110640436716
15.31267785236518
14.791629672355532
22.970557736628503
21.863003963659416
22.950807622664477
23.092336685703501
30.05328650178868
32.633709069822537
28.292150316841528
25.604182765478591
25.265674906095477
23.321086214734592
22.361664346251423
21.26862333469148
18.96945798911127
11.806629433582479
18.451543608837746
22.131166127858872
23.907062923569086
27.687816551672952
24.585459723215713
17.621437381651816
30.943395431050693
25.875890894188167
31.762651346340309
22.673943024127205
21.516222429778757
18.737427769822197
18.799047570500242
23.815930396888916
23.641165473749034
25.051017230315523
29.353918547852309
25.154141345501245
22.125700780965154
18.926214878591281
21.696868483093578
25.270152136220815
22.117278319084697
24.470689094187556
24.248338959154211
25.233813347656621
23.456843154572201
22.079925840373647
22.80224327514437
21.411702327182127
22.145818736848813
27.817470910445053
26.047831483292093
25.718911871348507
24.605003975826342
24.811472589276647
26.987909056692089
22.54662409390922
24.9993222487761
29.125283512875548
29.708346066246239
26.263057046130253
26.332057510489751
26.770098769114799
27.080598420574979
24.798471061421566
27.482150403545059
24.160295399004575
33.888700705518374
33.832936880652724
30.944636060473353
23.865390864260927
24.815059901595632
18.657758847813298
20.073578524871905
20.805070052961355
18.245256783817169
17.367074242205199
20.282875553391857
21.867581162969906
19.665452405002124
20.956306659726504
25.434797399654407
20.252884105637378
20.386482705105799
23.859792563124273
19.915830865248559
22.800602174746967
22.705941913784883
20.032960424770728
20.629989615521545
20.461089114492864
20.681918109115944
19.091634509493435
15.845117940660863
18.954109176877196
20.590711860019326
14.294149383415371
15.254378906280049
18.657566557603531
14.469977194548587
19.518513157492691
18.997329733702504
19.470622825417088
15.916771073907825
13.459663785701659
17.41346460306865
16.020274173104522
18.986432030580389
14.373786892184345
16.582454254647647
14.563108654880441
6.4349999126599498
15.876677374464217
14.244608997096517
11.254336527792407
13.883855342962846
16.116425541751006
11.158542466443228
12.180889676145991
16.201713303782444
21.115665397030199
18.405572896656892
19.504797288637914
17.678266641134424
22.007064473338577
19.676350975416522
13.996854729884072
29.842888884058354
25.834874265776527
24.841370791093794
28.689397546873455
33.084137738093077
36.013080710051
37.593684709885082
23.011310879694314
22.992733849244992
33.723005621274574
21.337260150750318
24.08981904586107
24.533282625965988
20.949972877257352
22.382648930924166
21.915521370329717
27.206923236294557
25.096118430154025
29.479679198719268
25.131495917511391
27.462959151351093
29.542437967335374
30.993004348913328
32.602806018961147
26.356555810945643
31.234827952073566
28.550532618556439
21.761290183859753
24.175418129942464
34.090800278860826
31.44925762176528
30.803313502105095
32.819596261300831
30.458830236376183
29.799204318193947
32.202810322614042
31.489954430870146
30.675262766944371
38.348830030220647
34.896468097955363
32.012711984630073
33.767463233974624
30.225312353406025
30.750373067346718
28.449187071971949
35.870055024026016
38.774632887348631
39.798058650426782
22.811008994220298
23.489977660642264
18.390703789871125
22.859503148421421
16.772760492708546
21.373571387160176
17.024841660154827
22.09101076356183
24.884200991016176
13.974095679523348
24.041385729972383
24.932907728404544
26.525813665298003
23.097951184995235
27.040219036900218
30.144216040085748
22.604147787720642
29.580419201163942
27.62085958906183
35.354449490365418
36.748478838472721
34.492960034454228
29.954789559050564
33.814510568514571
29.601160860747701
23.417340436376193
30.989509699974082
35.464629277436401
34.727692910835493
29.262194185562731
24.199170258279665
28.040253826573672
30.775137455085495
27.958196018157771
27.686963318920206
27.001485686081484
23.486728286889743
24.264380560738914
27.454298002677703
17.396359831470718
15.47952494222632
21.370918398486221
20.544261329079205
22.251020181521543
25.168268683903733
25.044291679589559
25.589706463599519
26.355951080540898
31.264463788985715
24.938793144556971
23.308454663092817
35.177278543868866
40.166205178476446
33.679847405761649
32.180852392609921
32.745897568958512
34.603995284493109
38.198188295581545
32.379922681279091
33.259822371064999
26.720188985196366
29.901048540450901
38.158069503130555
36.609176970691763
24.340305440496824
22.29401759038274
26.679098213730647
27.072255625988259
33.350418001614841
33.116534161834352
31.456712795878634
33.074400207679915
32.491911358955896
28.778109850670504
33.019739063988212
36.019869755996979
32.567974187618653
37.220755889460804
41.353055050025183
31.333648188470981
27.625710338143477
21.922365506734319
26.538365851206919
26.516222372050233
26.837537892096059
31.280780451052479
32.261803683313488
29.980420695983284
25.443510260913627
23.912555998344146
27.743312549838905
26.465235527514849
20.053722607959152
28.737170598024193
31.621430581814341
30.06285520356705
27.912925954629831
28.109754986725328
31.444887080979377
31.442741049432225
28.664161863645315
32.625499527365889
30.056513002085314
26.958781532017522
22.734031907291747
18.513583530817332
25.584223219644976
22.274936988516849
24.33971494031216
24.580620677642859
20.413027502169644
18.405305379751724
19.054729978559973
23.879147192857648
21.718002259883484
24.575379188055532
24.478963673318329
22.821840088383958
19.587111162353288
24.976492044959212
25.223177981646423
24.162370088460619
20.55801881790968
22.473555787080102
25.263599547090891
22.994719950323894
21.420538530724116
24.109416333370362
23.1694152984408
22.734100316583955
21.808585594256513
20.972934408022731
20.196765767408433
22.68023009347057
21.809956117879729
21.694062998259845
30.479379645125032
24.012325136981222
27.244482249197002
28.613082040150754
19.110631059307302
17.57680317283954
25.989764243255316
27.842942541400305
24.519970815702813
22.721621245992623
23.031810876222252
20.106825479652045
26.625019785600223
17.468839807397682
19.383236342837996
18.439316759810829
21.061307213118553
20.619023447309168
18.471543119789942
21.059499570429256
18.034941419554247
16.658457001365711
18.461663615354674
33.708576437125458
11.806180365749082
13.889560714769134
8.1531776708621031
19.526260895373632
27.58107072406343
29.350095888610117
21.509856517523517
22.128004466793477
6.9645187462554041
2.3730330571851006
23.210997192402782
17.054272911598261
19.024340515365452
15.532648593720042
16.008274466595704
15.269584971621804
17.553405226944239
13.025384438788183
12.735569499953055
4.2720416428720931
8.9316391206740207
6.9192680956619075
7.0823890480370864
7.277891845536276
13.487024924995767
16.02100849777343
16.641239969022074
10.082943186216628
18.695002168499048
16.726848807640991
18.887156502808921
18.151402075875765
15.307506786348538
8.0143136739263152
11.614574379695357
12.362183178560922
16.952041321744826
17.251464933755148
12.616536881550818
8.6888119374511117
9.4326119520270062
7.4827289733270419
17.338752172017166
12.582446713518904
17.633186880357716
12.564313523617551
14.775633991177287
1.8121460320901761
10.363933374740494
-1.9237194888072384
9.5957995174730666
12.777331631198965
7.1411089220541539
6.7191204786578398
14.217555876377654
18.122371983328481
16.745609255979893
16.323754036566758
11.775147639124796
12.445441528654564
9.3213846533061773
14.221121471627304
12.980646558062436
13.387127877792462
12.252013359863088
15.811331393752216
16.529953605288778
18.588687159442173
15.658724762893057
14.543298269317104
13.211299329545298
13.547354717518017
8.9374399546213077
6.3196758835978954
13.15681290225324
13.123381131619942
16.905154183754107
17.733469675217279
17.470910693766012
11.590924589629999
11.741460648601624
16.847707296384041
17.396653724124327
16.799221068949311
16.423600598243112
15.108371312750355
18.46822351653406
17.756299901504828
21.493587121624838
14.230804464833595
14.715878664431639
11.758136254184443
12.001620168365239
16.511221787415586
17.738823894429569
18.022977551347935
19.095870603730972
18.904740132979882
20.884083372928586
19.319834236148477
17.179522563984797
12.880738240633557
15.559373408324682
16.148499481573047
17.439268031924168
18.563638069679062
20.349914923115655
20.590578978767233
23.48718830800788
14.654542392167649
14.888879934459688
18.968307231812027
11.069968909421538
17.582997383609502
19.673399784100702
21.238473949482962
24.136740249164529
25.486423444406213
19.57724081087547
18.519506800299226
20.892425717169569
18.306304841283328
19.675213382958773
12.639437763086018
9.6673457508263461
5.9843508782016759
14.408271596188383
16.309198274985647
20.648744808497469
21.052295772754128
18.421283140390148
15.326773325910658
19.44475070173219
21.245414507283627
18.609913091564408
20.421540191781183
23.282165962742841
21.839203887589569
26.184565077620164
24.983042637232046
21.696011396365385
