labels 1 -1
1 0.874509 0.125491
-1 0.455984 0.544016
-1 0.307549 0.692451
1 0.935348 0.0646522
-1 0.189499 0.810501
1 0.557652 0.442348
1 0.830912 0.169088
1 0.956432 0.0435678
1 0.937661 0.0623394
1 0.893633 0.106367
1 0.640075 0.359925
1 0.887811 0.112189
-1 0.12177 0.87823
-1 0.29784 0.70216
-1 0.165402 0.834598
-1 0.154713 0.845287
1 0.964804 0.0351959
1 0.877682 0.122318
-1 0.186028 0.813972
-1 0.360555 0.639445
1 0.978215 0.0217849
-1 0.0910239 0.908976
-1 0.153317 0.846683
-1 0.149133 0.850867
-1 0.171987 0.828013
-1 0.0595889 0.940411
-1 0.254891 0.745109
-1 0.0656713 0.934329
1 0.829975 0.170025
-1 0.149135 0.850865
1 0.825634 0.174366
1 0.725195 0.274805
-1 0.0493781 0.950622
1 0.930738 0.0692625
1 0.925039 0.074961
1 0.913795 0.0862053
1 0.946425 0.0535749
-1 0.123917 0.876083
-1 0.0949174 0.905083
-1 0.175044 0.824956
-1 0.496469 0.503531
-1 0.0726505 0.92735
-1 0.172217 0.827783
-1 0.149078 0.850922
-1 0.447531 0.552469
-1 0.107749 0.892251
1 0.680122 0.319878
-1 0.317661 0.682339
1 0.874517 0.125483
1 0.901768 0.0982323
1 0.856685 0.143315
-1 0.0404559 0.959544
-1 0.149128 0.850872
-1 0.115264 0.884736
-1 0.0521581 0.947842
-1 0.0596951 0.940305
1 0.829846 0.170154
-1 0.0953125 0.904688
-1 0.35521 0.64479
1 0.78263 0.21737
-1 0.311265 0.688735
1 0.813903 0.186097
-1 0.0787359 0.921264
-1 0.0463078 0.953692
-1 0.227965 0.772035
1 0.95297 0.0470305
-1 0.349558 0.650442
-1 0.158102 0.841898
-1 0.119043 0.880957
-1 0.0907669 0.909233
1 0.945532 0.0544681
-1 0.195789 0.804211
-1 0.149131 0.850869
-1 0.127167 0.872833
-1 0.221993 0.778007
1 0.973527 0.0264733
1 0.561139 0.438861
-1 0.0462261 0.953774
-1 0.0612096 0.93879
-1 0.0619234 0.938077
1 0.874538 0.125462
1 0.87453 0.12547
1 0.902733 0.0972665
-1 0.17489 0.82511
1 0.831337 0.168663
-1 0.213994 0.786006
-1 0.0935044 0.906496
-1 0.490086 0.509914
-1 0.0412587 0.958741
1 0.863975 0.136025
-1 0.139191 0.860809
-1 0.0949417 0.905058
1 0.969273 0.0307267
1 0.761292 0.238708
1 0.796943 0.203057
1 0.762577 0.237423
-1 0.300886 0.699114
1 0.664003 0.335997
-1 0.317899 0.682101
-1 0.0427578 0.957242
-1 0.0635421 0.936458
-1 0.406848 0.593152
-1 0.0720482 0.927952
1 0.89353 0.10647
1 0.910632 0.0893677
1 0.77299 0.22701
-1 0.306646 0.693354
1 0.86958 0.13042
1 0.85807 0.14193
-1 0.0593752 0.940625
1 0.519194 0.480806
-1 0.0655682 0.934432
-1 0.113158 0.886842
-1 0.0585597 0.94144
-1 0.0626843 0.937316
-1 0.053224 0.946776
1 0.763796 0.236204
1 0.909752 0.090248
-1 0.149114 0.850886
1 0.895894 0.104106
1 0.877526 0.122474
1 0.902981 0.097019
1 0.950743 0.0492573
-1 0.094496 0.905504
-1 0.369005 0.630995
-1 0.0962242 0.903776
1 0.964761 0.0352387
-1 0.0737905 0.92621
-1 0.125714 0.874286
1 0.857948 0.142052
1 0.570978 0.429022
1 0.670335 0.329665
-1 0.117008 0.882992
1 0.84966 0.15034
1 0.642803 0.357197
-1 0.246605 0.753395
-1 0.0936011 0.906399
1 0.682264 0.317736
-1 0.0403055 0.959694
1 0.75164 0.24836
1 0.94028 0.0597202
-1 0.198235 0.801765
1 0.672921 0.327079
-1 0.254706 0.745294
1 0.579392 0.420608
1 0.966264 0.0337357
-1 0.223871 0.776129
1 0.918888 0.0811117
1 0.874543 0.125457
-1 0.10354 0.89646
-1 0.0724893 0.927511
-1 0.0786387 0.921361
-1 0.0578067 0.942193
-1 0.400643 0.599357
-1 0.0706846 0.929315
-1 0.0369413 0.963059
1 0.917646 0.082354
-1 0.0900996 0.9099
-1 0.362794 0.637206
1 0.874478 0.125522
1 0.500523 0.499477
-1 0.353121 0.646879
-1 0.0704925 0.929508
1 0.980146 0.0198544
1 0.505002 0.494998
-1 0.259405 0.740595
-1 0.090487 0.909513
-1 0.163664 0.836336
-1 0.258501 0.741499
-1 0.121229 0.878771
-1 0.153631 0.846369
1 0.941267 0.0587334
1 0.874523 0.125477
-1 0.13168 0.86832
-1 0.0672852 0.932715
1 0.519817 0.480183
1 0.970052 0.0299478
-1 0.208701 0.791299
1 0.677118 0.322882
-1 0.0858441 0.914156
-1 0.295743 0.704257
1 0.927875 0.0721249
1 0.706289 0.293711
-1 0.144168 0.855832
-1 0.389992 0.610008
-1 0.18532 0.81468
1 0.957751 0.042249
1 0.668485 0.331515
-1 0.149153 0.850847
1 0.924149 0.0758506
-1 0.157209 0.842791
1 0.904795 0.095205
-1 0.268808 0.731192
1 0.841561 0.158439
-1 0.149128 0.850872
-1 0.0642618 0.935738
-1 0.154344 0.845656
-1 0.077089 0.922911
-1 0.138855 0.861145
1 0.852312 0.147688
1 0.595957 0.404043
1 0.89871 0.10129
1 0.965745 0.0342552
1 0.801268 0.198732
1 0.96038 0.0396204
-1 0.149145 0.850855
-1 0.0797291 0.920271
1 0.816555 0.183445
1 0.831473 0.168527
-1 0.179801 0.820199
-1 0.385511 0.614489
-1 0.14208 0.85792
-1 0.0651684 0.934832
1 0.981871 0.0181293
-1 0.0740866 0.925913
-1 0.0519037 0.948096
-1 0.0645574 0.935443
1 0.742655 0.257345
1 0.684355 0.315645
-1 0.0575906 0.942409
1 0.943796 0.0562044
1 0.930498 0.0695024
-1 0.105662 0.894338
1 0.945361 0.0546389
-1 0.0841355 0.915864
-1 0.294266 0.705734
1 0.637209 0.362791
1 0.835275 0.164725
-1 0.0628334 0.937167
-1 0.191024 0.808976
1 0.825772 0.174228
1 0.687469 0.312531
-1 0.1733 0.8267
1 0.860258 0.139742
1 0.879945 0.120055
1 0.887945 0.112055
-1 0.099072 0.900928
1 0.927241 0.0727594
-1 0.149155 0.850845
-1 0.0620034 0.937997
1 0.819242 0.180758
-1 0.121842 0.878158
-1 0.132898 0.867102
1 0.53474 0.46526
-1 0.149145 0.850855
1 0.897358 0.102642
1 0.874522 0.125478
-1 0.0720526 0.927947
-1 0.254938 0.745062
1 0.979654 0.0203457
1 0.849738 0.150262
-1 0.0775956 0.922404
-1 0.374099 0.625901
-1 0.129563 0.870437
-1 0.083368 0.916632
-1 0.14915 0.85085
-1 0.318711 0.681289
1 0.941019 0.0589808
-1 0.107881 0.892119
-1 0.148766 0.851234
-1 0.0480176 0.951982
1 0.979094 0.0209057
-1 0.135003 0.864997
-1 0.0629348 0.937065
-1 0.408063 0.591937
-1 0.245137 0.754863
-1 0.245533 0.754467
-1 0.0694166 0.930583
1 0.547978 0.452022
1 0.93559 0.0644097
