22
22
22
22
22
22
22
18
18
18
18
18
22
20
18
20
22
18
20
18
13
18
18
18
18
18
18
18
18
18
13
18
13
18
13
22
22
22
23
24
24
23
23
23
22
22
22
18
18
19
22
22
24
23
18
24
24
24
22
20
18
18
20
22
22
24
24
24
20
20
23
20
23
23
23
23
20
20
20
20
24
22
24
22
22
22
22
22
22
22
22
22
23
23
20
22
22
33
33
22
22
22
18
19
19
19
19
19
18
19
20
22
19
19
19
19
19
19
19
19
20
20
20
17
20
20
17
17
18
17
18
18
18
17
13
17
17
18
13
17
13
13
15
15
15
15
15
15
15
15
15
15
21
15
15
15
15
23
22
23
21
50
50
50
19
23
50
23
23
23
19
19
19
22
22
23
22
22
22
33
33
22
33
22
19
22
33
24
24
24
24
24
24
24
24
34
32
30
30
24
24
24
32
34
34
23
22
19
21
17
21
21
21
23
21
23
21
22
21
21
22
21
33
22
50
50
31
22
29
23
22
23
31
31
22
22
21
23
24
24
22
22
22
24
18
18
20
18
20
24
24
24
24
23
24
24
32
50
36
36
36
36
50
36
36
22
36
50
50
21
20
23
22
33
33
23
33
33
23
24
33
24
33
50
24
24
20
24
24
24
24
28
24
23
22
23
22
20
24
24
24
24
24
24
23
22
31
22
22
22
20
22
19
22
22
19
19
19
22
22
22
22
22
19
22
23
23
20
23
24
24
20
24
22
22
22
22
18
22
22
22
33
22
24
24
20
18
24
24
24
18
24
20
24
20
20
21
21
21
19
19
19
20
21
50
20
19
13
20
50
50
19
21
13
8
13
13
13
13
13
10
13
13
13
13
13
13
13
13
13
19
19
13
19
19
13
13
13
10
13
13
13
13
13
10
10
13
19
13
13
15
13
8
13
8
8
13
8
8
13
13
13
19
13
13
8
14
8
13
13
13
13
16
13
13
13
13
8
8
13
13
13
13
13
13
13
13
13
13
13
13
13
19
13
13
13
13
13
19
19
13
19
19
19
20
20
13
13
19
20
19
19
19
21
19
13
19
13
19
19
20
20
50
20
20
20
19
20
15
13
8
13
20
19
21
21
19
19
19
19
19
22
18
22
22
18
