25.044874462912489
23.008707103766596
24.917403932726966
25.333161996993056
24.906870542962327
24.0881005222437
22.304010738947262
21.178248756590865
19.67737421619309
21.32402168112278
21.129155419831868
21.90288815016892
22.183146518476587
21.334037452754949
20.58076048474582
21.364256367955946
22.244466307292985
20.042429352389473
20.793846286340951
20.651067838729993
18.526936164566028
19.959182911062335
19.402651548476975
18.768751266778715
19.45715983885394
19.31788048175795
19.622394665685508
19.433096436209052
20.318064188825101
20.737670964931926
18.577389828927387
19.794096485284516
18.663001136814355
19.004204241312266
18.916073709601658
22.142203180829799
21.841057524507526
22.680921956308413
22.803425940027331
25.188292489518833
26.026589366429391
25.264834960949905
24.479251566101787
24.381266709393707
23.209472450208693
23.096370318059108
22.631764334480913
20.996772036937372
18.871229888369708
21.454903792616751
22.664839133687757
23.015970123487286
24.667072437169274
23.795703270932364
21.259152033193669
25.646463154833373
24.432060391055234
25.559672426021827
22.609134962381006
22.050400195035262
21.120489888790882
20.606857020594159
22.300153671659164
22.466110894704322
23.83998979244339
24.804833527906624
23.525152531043876
22.911298184461479
21.789845349187495
22.593846118663919
23.663416042628143
22.614088344220644
23.601413108939237
23.366329836666978
23.186475865900388
22.041861053047867
21.06302971294982
21.837753364597393
21.376915270782735
21.989099135614698
24.265404037573102
23.187937801927703
23.729172487124067
23.172693095294139
23.561400673874843
24.180805052225683
22.848685329034883
23.533625182018724
24.620158062085945
25.057824181409647
23.802088812245504
23.762005435755622
22.72033216055927
23.22426265802433
21.908551105605483
24.271860975365289
23.102386891879366
26.429487104455703
26.924238461869606
25.523392970364633
21.231336484793246
21.7540144476548
19.491574344520025
19.996420953102461
20.106290949334586
19.095782031921615
18.956600504266873
19.970005047579352
20.151401504757516
19.660294123095127
20.997331435127123
21.649203534382785
20.029544349100821
19.971896817025971
21.223767715514079
20.074350526681208
21.186192202504682
21.101904872015428
20.397382278006379
20.846218876937026
20.398368432817517
20.129105392225231
19.412373757308202
18.336223083137778
19.324469057371445
19.964947808708231
18.04048601865162
17.650701607359117
18.197598586157977
17.564169461592293
18.591643754900115
18.612530879926297
18.768066556589446
18.070496166509937
17.788944629463217
18.000153672942986
17.946140984806689
18.330072892627946
17.167964016753778
17.674811393247229
17.209173607683891
15.308283076857409
19.771886457782497
18.150742424479613
17.649190186384978
18.445560551540389
19.049676755237254
17.724894954884032
18.081826625395145
18.859967762740681
19.854824037103061
19.471905912508014
20.454848022666674
19.299692779510291
20.497434228094054
20.047633500084913
19.009480500650199
22.479572287095909
21.530294444738793
20.815641440681588
21.78221923760238
23.465929560123616
22.984539925978204
23.040633114689854
20.953220207378195
20.702515722020699
23.355397192332852
20.525426597202895
20.866860678687274
21.022541028158678
20.293192460194192
20.670069454668877
21.737360640780569
23.464146682957935
23.092820782898997
24.860415165010394
23.349030360512199
23.872685375513299
24.307998059777479
25.945816939763489
25.891859296122075
24.188684437617393
25.609403373609545
24.672162702103797
22.154751517213452
23.174791248617495
26.938231454586454
24.464839409567642
24.470766282464549
24.848498323156711
24.359577776645541
24.262965355554648
24.902659774393776
26.405613015604708
25.918257357923512
27.520608382406255
26.751073656656835
25.313434918088568
26.1841010748029
25.043713551219582
25.057060809576765
24.575796843558983
26.77753253335332
27.296881737298307
27.60696359907535
22.688210322006956
22.315582101009703
20.554082502440533
21.52365869156478
20.655825020592729
21.292268007229168
20.699606088681829
21.466903807925366
22.971052091743793
20.528499630419994
22.672308523349823
21.641518805404509
22.454117520429048
21.379272744337957
22.038886731744881
22.54699227327756
21.299336220349829
22.389002448853976
23.038899071003097
25.143038817380599
25.382492951601641
24.954792945559902
23.533489973593355
25.293668886879004
24.363719370889996
21.987960236247485
23.915336565151236
25.326325419844324
24.986622046183051
22.212603537893759
22.267464301523717
22.173574607679317
24.047469978977084
24.082492092410316
23.712739686716269
23.259629513334247
22.445309700365446
22.666080340517333
24.155314248722519
20.767115272074346
20.388458039847311
22.196911495239142
21.348020438601676
22.059278569022471
23.271968273197164
23.37802969745416
23.537062665824731
23.770605343746706
24.773675160816005
24.222079926077566
24.064150852002719
26.396941292274597
27.121659815840001
25.172357890998224
24.947224875471214
24.889287089093131
25.477847676972225
26.479312427531692
24.654050103646757
25.087429776084537
23.576219183474581
23.799867995255347
26.545771260583006
26.581722608835943
21.91486987329937
22.531122840399767
24.330329644779663
23.68832077931361
23.290826601690291
23.211026910829823
24.99440637014326
22.924884178022314
23.128373433688566
24.253381069251507
26.368681286608489
26.871380877006551
26.120268809970124
24.253981544820071
27.096053645060962
25.907400680897581
24.924597346531542
23.349843204803985
23.637873525443972
23.421574190571981
23.495839902161993
25.036026065486034
25.22352770899823
24.76362186051665
23.435837414997195
22.722052035870746
23.880467618914082
23.294437152023459
21.514929009590375
24.381415018821659
25.112125370818912
24.368996480981998
23.420665474484785
23.658986759870281
24.576936009586589
24.82521471489077
23.870155888283488
24.846498703879966
24.167733660454687
22.939167602519522
21.685934327117831
21.22992847308398
22.934428118662733
21.209539567652268
22.072042305715534
21.983606376577907
21.145767075575456
20.280809909987422
20.753070316976459
22.074899023303551
21.655109282878975
22.791794734953847
22.758477591831145
22.421006204564435
21.051656148562156
23.151097330520216
23.669494757678386
23.159354365572828
21.800801053903356
22.821984872066309
23.598216860717585
22.802743140337224
22.820880599354133
23.445153382979999
23.037610328113395
22.870455199808347
22.704127469679413
22.196408201734208
21.744638824952069
22.799509178149478
22.38904620792686
22.147954519847083
25.601161251442615
23.209926333783535
23.114915464187572
23.740800041926175
21.877749811816287
21.356463033903964
23.565341714031995
24.426746285294197
23.747429143289757
23.234015291947799
22.904355303464857
22.7606836323606
24.862115004036724
22.321141716836117
22.725286706362997
19.398712919485
19.932583661613311
20.147386803377028
17.247197487340518
17.55169558192674
16.564753825622262
16.510534550415255
19.632450712040757
20.978601839112834
16.814546734983626
16.252254582658519
15.850507889603872
17.39177464691852
20.84031901924007
21.016931796145386
16.988812275525959
20.193147279598374
13.73480766922553
13.455367397657742
17.000504916788145
15.918587642680485
15.790163409205306
15.823861898269385
15.676639954633869
17.440265095762484
15.887034918837482
15.058182404208612
14.90132738637908
15.012580142004625
14.491490678160186
14.708675603125698
14.997407656930042
14.363068244324799
15.409357701540326
16.055884509439998
16.706871143400033
15.007659952079667
16.636825470166105
16.391777318997221
16.175353638916526
15.975897280763771
15.597668690830503
15.053350378349089
15.769713218686659
15.251629917854103
15.770723383318861
15.723840766385923
16.022779488125167
16.26276556132774
16.267368881709242
15.084586198635662
16.429307556169988
15.295723555233568
16.02245188210108
16.496877121454641
15.433415592881978
14.467451708932888
16.147527356854102
14.56126904427644
14.761224284889625
15.235411314004139
15.733374899256447
16.032875924353831
16.021239742155551
16.245281417594143
16.237723925676161
17.082472087397267
15.714907989392071
16.717049353668887
15.111116505133406
17.307889007937906
16.799484630038204
16.240051540590887
15.252531290141672
16.492599161256372
16.118283032195095
17.317284285858175
16.172789092398997
16.06350179411271
15.410943372108523
15.502450829717045
14.504798941495626
14.736259028005072
15.423936868960492
15.913488143304559
15.911075290997255
15.95326449798554
15.840331021920253
15.382738186370464
15.027410953427465
16.01639571563231
16.279573969179644
16.08835877773172
15.944425750122269
15.501632718232273
16.225207441979631
16.503566207199338
16.576489427531676
15.513606801371285
15.935176419757417
15.63491768253202
16.168643667812532
16.988227758539097
17.184441752726173
16.642536304906201
17.007738736234323
17.382539630856972
17.55321791099411
18.373232892921294
18.665089788486814
16.20634213405075
16.367662021169764
17.912802161310811
18.650574689828058
17.554712678120659
17.829674672261412
18.149559918354385
18.627911038677905
16.536069864678865
15.936736154807402
16.665657712856632
15.72258568026675
16.544955554661321
17.454197261385151
19.09071404467668
19.185312531468622
19.314016256133065
19.828325996376453
19.321760323343653
19.437402160627098
17.955670912865614
19.102966620505885
16.70510602272892
15.966059011297334
15.48096839330556
16.684583345387058
17.866904326185217
21.002677707655728
21.204908479561443
20.877479662483211
19.293965629088397
20.383533431597826
20.828987475214038
20.065633377518029
20.300520711313336
21.581720809254154
21.122710858979122
22.111281192617295
21.78160721963776
21.09685997504344
