0.91811017976343423
-0.16921922238879683
-0.30246792846468085
0.90013978657452964
-0.43948604524022328
0.092097073237553118
0.36863207847146551
0.82357000098909106
0.79814845282953273
1.1722148099338683
0.071719462925912025
0.70994352861538468
-0.76620261239052267
-0.33517938792649515
-0.48144913465329175
-0.63952226122346023
1.2806686406497354
0.62515274510612706
-0.65066310446985143
-0.34438148032752969
1.3279692869708994
-0.9701735577088223
-0.62540251589660978
-0.56582705331828065
-0.75319481039979197
-0.96884368552704514
-0.4225832990311339
-0.93920445779352291
0.3279351402884475
-0.71724733918219175
0.2914473009160522
0.40381884693467407
-1.2270059097717128
1.0102126619479739
0.7166723055569334
0.88392029244074821
0.97867477830859995
-0.78160815301940778
-0.77466013071663886
-0.6559106103425153
-0.058219137504375795
-0.95604287935592913
-0.62499899877124199
-0.64203034479499588
0.1333020213387125
-0.80343917159186262
0.33669971142627986
-0.37982481738004614
0.88160759570391656
1.0809148599722382
0.53778063409190702
-1.2987400569391903
-0.64551468711987436
-0.8702092439383039
-1.2247876456756472
-1.2090102845761304
0.60538986820536189
-0.92314139644306581
-0.36573127795670868
0.43162626315217956
-0.088936232424978834
0.20042460384183458
-0.90228584944379675
-1.4597916261851909
-0.43037656823260073
0.95218590378973456
-0.31363993728125072
-0.67344414954095433
-0.77692499351234423
-0.83792492107742389
0.95635333459422911
-0.60131760521242106
-0.69619846892453119
-0.66098415071793293
-0.31220787884355439
1.3788590253734303
0.037214528965067495
-1.3757430508766286
-1.224435586375662
-1.091528211778368
0.83398808864637919
0.53767655438773454
0.82408025420648945
-0.54839184954466857
0.37630687021804776
-0.52729086842683348
-0.91176335278929443
0.15625119102522189
-1.3417062265504964
0.62337770543397431
-0.74941678506832032
-0.79751308586430503
1.1588767575851899
0.31300393137358895
0.55964128540029934
0.36435810887542563
-0.36886140706181181
0.19934703404654053
-0.28792662506588285
-1.2841756819047809
-1.2520686190515131
-0.0029967089474661757
-0.91574787613308983
1.2909266024222421
0.62419167723478208
0.14340591251784873
-0.43313650936830916
0.70200776815754196
0.53802871065213098
-1.2782443901088434
0.18859256477716468
-1.053333120735227
-0.66290051922602011
-1.2556299032402527
-1.047840822447315
-1.2981165875010761
0.25216189251504895
1.3117822294444581
-0.94450665052250227
0.79634008061937556
0.87163088773963382
0.88758472018703749
1.1705693866441753
-0.71925507498878194
-0.27770759469198636
-0.77137497885189499
1.3206733300187556
-1.0121403346865407
-0.66438875630911609
0.76602728790152008
-0.033318030266428211
0.17310935176692366
-0.67344661447549614
0.64421386385111645
0.086470970049057683
-0.55180397081348809
-0.81952126104817824
0.15565224097714342
-1.5170898565693438
0.20992318701793378
0.92739773071792475
-0.55530268238200409
0.14743309159489859
-0.269307150662769
0.0053495150605645803
1.3748367521045952
-0.38614100884077607
0.74655587801871481
0.66363830950785452
-0.85466107615103881
-0.98015083174375717
-0.99473607541262477
-1.1003445071570974
0.083606398380838942
-0.8810054932081669
-1.5048059178152173
1.0927230841492785
-0.93387541041286115
-0.39238230055798484
0.62467652549429808
-0.20021825456256404
-0.39531788070711749
-0.98126751190670947
1.3932043323564627
-0.092110112451142201
-0.39975626744066395
-0.84077006902263218
-0.62487935868460565
-0.40844304075085625
-0.84155459048164094
-0.64228429615609173
1.0578488707590381
0.5705448171034263
-0.62419178874560732
-1.2546918311040574
0.3491783408856276
1.7461371105616821
-0.33897491620272258
0.44222840276569053
-0.84572059971479574
-0.45958167807131967
0.9472913407360436
0.036982610725836529
-0.57891392874051484
-0.044759912855950046
-0.35502011280069079
1.0228979906399895
0.71073471923540532
-0.54483284425562817
0.99320379940720327
-0.45820022381292136
0.76041758152229677
-0.45387167289528796
0.4084846971335433
-0.47825220939829205
-1.0488818335505008
-0.55404870903928238
-1.0304973740916075
-0.74732775189077005
0.62511835675525929
0.17500991821420919
0.6187420884459035
1.0256679798702568
0.37847776517686194
0.96444894879227083
-0.64089827056130988
-0.9104626972621489
0.19712392004958745
0.40405453105437183
-0.62446163496294693
-0.3085240023026109
-0.62489358900521375
-1.1520202545190217
1.5789335804837061
-1.1569011120759289
-1.1725231781192944
-1.0385444948855937
0.22893679256589416
0.015127068301669211
-1.1223501749034974
0.92498154463829552
0.87805745685955594
-0.70882581972246117
1.4503175784579145
-0.91536774012611899
-0.390495297892136
0.24975284953010612
0.41516394212309649
-1.3753076254020531
-0.87630695918956392
0.34273183613167013
0.18347749658723911
-0.66090192649322044
0.52970018289560128
0.86840946450158663
1.3757924394635332
-0.75564231103763879
0.79372994286680842
-0.62426003782408535
-1.0750501020037038
0.46386398649075744
-0.74655721984576717
-0.61804857439371041
0.1677558205655405
-0.424253133728132
0.75642748129464488
0.52726612597567823
-0.88065776000889662
-0.35850745027744158
1.3748392550073838
0.63303542240526178
-1.0657446060676263
-0.19778587152119675
-0.63558391648160895
-0.71176959347058644
-0.62459767166832869
-0.34928428528982203
0.87387124350444123
-0.7218409023766329
-0.46162357618091898
-1.1857821835782114
1.3178015481431706
-0.73474400866762457
-1.0233540060071538
-0.42138115594073311
-0.17218295660613647
-0.53105537263128133
-0.97641199496303999
-0.0081889714106472278
1.2013508351472355
