labels 1 -1
1 0.871497 0.128503
1 0.501891 0.498109
-1 0.32794 0.67206
1 0.938878 0.0611222
-1 0.295233 0.704767
1 0.583293 0.416707
1 0.823778 0.176222
1 0.951226 0.0487744
1 0.914746 0.0852544
1 0.950125 0.0498748
1 0.617981 0.382019
1 0.892137 0.107863
-1 0.124649 0.875351
-1 0.214498 0.785502
-1 0.226146 0.773854
-1 0.142019 0.857981
1 0.968353 0.0316469
1 0.917617 0.0823825
-1 0.266215 0.733785
-1 0.404534 0.595466
1 0.983631 0.0163691
-1 0.104419 0.895581
-1 0.166732 0.833268
-1 0.148737 0.851263
-1 0.135084 0.864916
-1 0.0453554 0.954645
-1 0.36303 0.63697
-1 0.0800514 0.919949
1 0.782132 0.217868
-1 0.108253 0.891747
1 0.758663 0.241337
1 0.69004 0.30996
-1 0.0308536 0.969146
1 0.962922 0.0370776
1 0.918466 0.081534
1 0.93819 0.0618098
1 0.948297 0.0517026
-1 0.0792164 0.920784
-1 0.0868522 0.913148
-1 0.18657 0.81343
-1 0.466096 0.533904
-1 0.0726361 0.927364
-1 0.202665 0.797335
-1 0.212307 0.787693
1 0.549187 0.450813
-1 0.102085 0.897915
1 0.58974 0.41026
-1 0.285342 0.714658
1 0.928507 0.0714926
1 0.943409 0.0565908
1 0.810016 0.189984
-1 0.0297612 0.970239
-1 0.106588 0.893412
-1 0.0760903 0.92391
-1 0.0512723 0.948728
-1 0.0323774 0.967623
1 0.833018 0.166982
-1 0.0371359 0.962864
-1 0.270075 0.729925
1 0.772556 0.227444
-1 0.497755 0.502245
1 0.697936 0.302064
-1 0.0767738 0.923226
-1 0.0144434 0.985557
-1 0.345574 0.654426
1 0.944182 0.0558177
-1 0.437546 0.562454
-1 0.10193 0.89807
-1 0.0929116 0.907088
-1 0.0843295 0.91567
1 0.945844 0.0541556
-1 0.180707 0.819293
-1 0.122954 0.877046
-1 0.133185 0.866815
-1 0.250416 0.749584
1 0.984835 0.0151651
1 0.618362 0.381638
-1 0.0273007 0.972699
-1 0.0402283 0.959772
-1 0.0510451 0.948955
1 0.859804 0.140196
1 0.841707 0.158293
1 0.912026 0.0879735
-1 0.206057 0.793943
1 0.803416 0.196584
-1 0.164672 0.835328
-1 0.0715367 0.928463
1 0.659763 0.340237
-1 0.0195627 0.980437
1 0.820289 0.179711
-1 0.156824 0.843176
-1 0.135433 0.864567
1 0.968388 0.0316122
1 0.747989 0.252011
1 0.801635 0.198365
1 0.753467 0.246533
-1 0.337717 0.662283
1 0.663513 0.336487
-1 0.294348 0.705652
-1 0.0233829 0.976617
-1 0.0409144 0.959086
-1 0.34116 0.65884
-1 0.0666147 0.933385
1 0.962176 0.037824
1 0.868546 0.131454
1 0.687497 0.312503
-1 0.307881 0.692119
1 0.877318 0.122682
1 0.871497 0.128503
-1 0.0290891 0.970911
-1 0.489589 0.510411
-1 0.0474133 0.952587
-1 0.15105 0.84895
-1 0.0219152 0.978085
-1 0.0470521 0.952948
-1 0.0277253 0.972275
1 0.645429 0.354571
1 0.971344 0.0286556
-1 0.0517057 0.948294
1 0.933375 0.0666248
1 0.900216 0.0997839
1 0.898333 0.101667
1 0.954526 0.0454743
-1 0.108492 0.891508
-1 0.414017 0.585983
-1 0.0776408 0.922359
1 0.974827 0.0251734
-1 0.0953393 0.904661
-1 0.105623 0.894377
1 0.91308 0.0869201
1 0.53907 0.46093
1 0.674597 0.325403
-1 0.127105 0.872895
1 0.87148 0.12852
1 0.567434 0.432566
-1 0.31963 0.68037
-1 0.0812884 0.918712
1 0.651513 0.348487
-1 0.0153201 0.98468
1 0.763618 0.236382
1 0.914852 0.0851477
-1 0.218049 0.781951
1 0.637546 0.362454
-1 0.347695 0.652305
1 0.535787 0.464213
1 0.974588 0.0254124
-1 0.229974 0.770026
1 0.917971 0.0820291
1 0.84719 0.15281
-1 0.158735 0.841265
-1 0.0690554 0.930945
-1 0.0575259 0.942474
-1 0.0693991 0.930601
-1 0.411934 0.588066
-1 0.0854184 0.914582
-1 0.0175697 0.98243
1 0.95153 0.0484701
-1 0.0796253 0.920375
-1 0.398189 0.601811
1 0.871476 0.128524
1 0.510765 0.489235
-1 0.275495 0.724505
-1 0.0559722 0.944028
1 0.983995 0.016005
-1 0.467825 0.532175
-1 0.221752 0.778248
-1 0.123526 0.876474
-1 0.205199 0.794801
-1 0.365699 0.634301
-1 0.109456 0.890544
-1 0.138391 0.861609
1 0.950474 0.0495257
1 0.858952 0.141048
-1 0.172291 0.827709
-1 0.0403455 0.959654
-1 0.478741 0.521259
1 0.988919 0.0110811
-1 0.180879 0.819121
1 0.819244 0.180756
-1 0.0854117 0.914588
-1 0.387916 0.612084
1 0.953845 0.0461554
1 0.560295 0.439705
-1 0.19728 0.80272
-1 0.433592 0.566408
-1 0.178396 0.821604
1 0.951337 0.0486627
1 0.86025 0.13975
-1 0.217138 0.782862
1 0.938339 0.0616607
-1 0.173864 0.826136
1 0.930751 0.069249
-1 0.280802 0.719198
1 0.821305 0.178695
-1 0.169821 0.830179
-1 0.0685955 0.931404
-1 0.227533 0.772467
-1 0.057733 0.942267
-1 0.0743205 0.92568
1 0.871456 0.128544
1 0.62994 0.37006
1 0.847481 0.152519
1 0.964795 0.0352048
1 0.791797 0.208203
1 0.9568 0.0431998
-1 0.201697 0.798303
-1 0.0724021 0.927598
1 0.833465 0.166535
1 0.824796 0.175204
-1 0.158674 0.841326
-1 0.406515 0.593485
-1 0.158674 0.841326
-1 0.0442598 0.95574
1 0.990593 0.00940701
-1 0.0563883 0.943612
-1 0.0408591 0.959141
-1 0.0775514 0.922449
1 0.776283 0.223717
1 0.616229 0.383771
-1 0.0447702 0.95523
1 0.939393 0.0606071
1 0.909583 0.0904165
-1 0.105705 0.894295
1 0.982224 0.0177757
-1 0.0598191 0.940181
-1 0.258707 0.741293
1 0.600638 0.399362
1 0.785518 0.214482
-1 0.0171906 0.982809
-1 0.195717 0.804283
1 0.834287 0.165713
1 0.609408 0.390592
-1 0.181618 0.818382
1 0.861565 0.138435
1 0.909079 0.090921
1 0.971798 0.0282022
-1 0.134552 0.865448
1 0.925606 0.0743942
-1 0.147228 0.852772
-1 0.0490217 0.950978
1 0.848993 0.151007
-1 0.121225 0.878775
-1 0.197258 0.802742
1 0.615505 0.384495
-1 0.177706 0.822294
1 0.904375 0.0956248
1 0.808664 0.191336
-1 0.0568396 0.94316
-1 0.281141 0.718859
1 0.983663 0.016337
1 0.817319 0.182681
-1 0.0693062 0.930694
-1 0.331328 0.668672
-1 0.109532 0.890468
-1 0.0825554 0.917445
-1 0.106907 0.893093
-1 0.278238 0.721762
1 0.931753 0.0682467
-1 0.104688 0.895312
-1 0.160056 0.839944
-1 0.0377587 0.962241
1 0.982183 0.0178169
-1 0.149035 0.850965
-1 0.0513729 0.948627
-1 0.39271 0.60729
-1 0.381659 0.618341
-1 0.244162 0.755838
-1 0.0742694 0.925731
1 0.521801 0.478199
1 0.949327 0.0506729
