25.861865700540985
23.94794162811824
25.607746946380768
26.07442456414168
25.71886554864637
25.015910240815792
23.01373536897054
22.030582808065766
20.600930647237472
22.134027991111932
21.964068626710176
22.692524879281418
22.782192253924013
22.012769153861335
21.430458698002219
22.009091990637415
22.636940698438931
20.916354404015411
21.323159832346981
21.42152050813743
19.594958141214633
20.886634721391736
20.374840970493885
19.840841012749699
20.449564227069406
20.217481997045915
20.574862604680966
20.328321656043059
21.231026192809427
21.568565767883765
19.600610276742625
20.776829996079499
19.511880370259224
20.007810123167708
19.839667919925088
22.938310204743498
22.599797241379918
23.279382151542549
23.30585679963734
25.69491461650172
26.451382639157206
25.545390138064324
24.864039740032222
24.772627616671997
23.915438729704743
23.784424316912798
23.328386895585936
22.087342434989427
20.130216336501661
22.41685416065507
23.442484131185722
23.873556885988126
25.20411143338406
24.39330845812967
21.93045545194266
26.146679609957239
25.147878472343905
26.221006821001925
23.103520487535416
22.68045243308589
21.89792650938146
21.512331597154617
23.012774859981377
23.021519119470089
24.776018101304842
25.384140736995693
24.200488021917383
23.472447053662975
22.515947853182357
23.249179740679452
23.892727653721181
23.01107403752097
23.862254748198616
23.618041789889425
23.315196427809628
22.49804859303773
21.736166052823759
22.313278063533506
21.935625469151457
22.416840973393022
24.818460313871462
24.024185980303535
24.320340813130098
23.885345724335515
24.342816784135007
24.973282547978393
23.656186638821318
24.386818357253087
25.57548265819127
25.838809147408234
24.691491610695529
24.706850807829426
23.15578143292489
23.511416887832755
22.509411117587234
25.119085280997961
24.140836297007866
27.257868358933749
27.453106378391631
26.338140633310115
21.922133835019956
22.353308447850402
20.254605759786767
20.836279762222048
20.95129100622049
20.058649202293871
19.902089202031377
20.79405859331008
21.027406292368521
20.540912809112452
21.563105821644001
22.223877121329821
20.780027153931766
20.735365182062459
21.842931783666767
20.779346071721385
21.764575128104571
21.732904459133202
21.018550780980071
21.424884616352344
20.703655549058478
20.506624562750297
19.906890961012035
18.988769539694616
19.834511627041074
20.371717433464525
18.726312197071721
18.247176660863627
18.733785760678565
18.171679635258705
19.080614169564637
19.095940403128786
19.237455733081649
18.625120622055867
18.434148553502826
18.568212090554937
18.51100917141223
18.849450031996582
17.836764461403845
18.274623643864562
17.871371723137326
16.220873313192168
19.817586694442717
18.557826344944189
18.120918910253561
18.844220631507838
19.334970641178099
18.192846188980493
18.510029065334056
19.170545597951335
20.019665079628798
19.670040346030181
20.383110555841608
19.545805715030653
20.433656762051889
20.195200811822094
19.310812765790143
22.673596298063785
21.813821488689559
20.847372288995782
21.634100648067157
23.55737995628521
22.656312599146656
22.722945262775223
21.310016075163492
21.042724301436465
23.469789954069626
20.87154432707149
21.207914039064363
21.357792895118102
20.694409756162891
21.04732618222884
22.736399653458239
24.325401496381303
23.913648192339565
25.359314872427483
24.035611386400028
24.670707646689326
25.056954761307392
26.701949978750683
26.76818898175841
25.098945470006335
26.593756732239449
25.762055947480494
23.360632529062247
24.164005329759785
27.560072981648048
25.082419553286915
25.047973791803109
25.437068308712977
24.897849047317045
24.866403013583074
25.450415200979226
26.96333490669544
26.540277136311101
28.12053515991682
27.490010331627857
26.022158031936982
26.931126210659265
25.585270326086512
25.573715642956827
25.322687506430206
27.325393760892883
27.837375132006962
28.127045916332811
23.067743843752847
22.898298874928059
21.377676661489584
21.614109391886863
20.857520784059751
21.416042034442114
20.89192639999866
21.551856916344157
23.37451502467141
20.965278422963607
23.170505567492093
21.650663853146984
22.987929994198048
21.40234886524178
21.987442754227466
22.54836540657984
21.427041524138954
22.412275074943761
23.727446549663352
25.639514437136405
25.872485589776012
25.514456076671166
24.161197969096953
25.446360773604077
24.641540903818473
22.683853282758509
24.503650878293563
25.786788772162392
25.451075517358426
22.262826347147438
22.907790988486443
22.23095318264166
24.610682398323032
24.574056064450016
24.341915078693262
23.950494181223352
23.255384063487451
23.382509228947555
24.592491160095076
21.620916032999869
21.229194677966714
22.770348414943591
22.171393488162451
22.690110148253272
23.664418585560572
23.744470652711954
23.865164839584278
24.070068512514567
24.974119139131467
24.939932277100475
24.726614024473278
26.962629262646402
27.539239691054966
25.742160859868719
25.552700880318753
25.453830206936217
26.016523874797542
26.948271307060558
25.250697676752129
25.6557943226276
24.205472762407222
24.415710210927486
27.051635426112089
27.08570991568504
22.053795046642719
23.208074945195271
24.732841083239787
24.382327538947084
23.302925822694281
23.285713640388874
25.525369051886951
23.034038941176622
23.210581930176829
24.769075181131921
26.977640081649714
27.579384381058905
26.768744246745801
24.328534941804822
27.1890318307968
26.49691140333336
25.706436758109387
24.008543131650299
24.245983829640231
24.095934204336452
24.023082677123778
25.485713044369604
25.648841298606321
25.209149065639302
23.798503127244061
23.265287561181694
24.275163701259725
23.830922390580959
22.221509709263465
24.999470665645454
25.639521909792478
25.086615972855228
23.995088180499316
24.114185492902578
24.978781606779908
25.339206627586904
24.548056756836612
25.52358453801666
24.893537189571902
23.561038508153572
22.385162648034807
21.750984431323403
23.409142362812972
22.004684675819444
22.765294508010768
22.698647824201235
21.902681811991343
21.10888489079457
21.504084600042901
22.689257168668711
22.267795096070941
23.384756585883196
23.36896979343425
23.039078958573828
21.912059231831691
23.642199259127608
23.954674508062006
23.585814989756912
22.417649152739195
23.447151294269943
24.11015590505238
23.45238393690984
23.521237940664594
24.055932223356148
23.601936787809365
23.446295895689452
23.272611541127208
22.878806293837425
22.544539540262981
23.367557946903336
23.0436539430791
22.910364777622785
26.418752310350236
24.080056005369695
23.745853709792382
24.225936827356776
22.721409064871956
22.227095721293711
24.119285066663252
25.027983548409935
24.44442802801278
24.049017924970688
23.556744458843152
23.386340662533815
25.479547447957181
22.90223885680274
23.265310010290928
19.513917265069683
19.939405555305186
20.127314996254292
17.361483753495158
17.67528111204961
16.859794130326616
16.709984702341927
19.723148975305243
20.845678516833537
16.928108536924089
16.57780734764253
16.476543077249751
17.480428090887973
20.69581390423269
20.818540768184718
17.213844594955262
20.199939338119353
14.199695685833694
13.91336183188424
17.247078841465822
16.305595354394949
16.131664244360255
16.181709846610005
16.037592562715862
17.79498372728688
16.228763093038868
15.428651685862544
15.283780039885773
15.496548249256998
14.925973475110595
15.112168219966485
15.3680385777221
14.826221241691002
15.729896855068569
16.317080436635024
16.913121980430478
15.365517896752747
16.839932338127905
16.632213924057179
16.467516057846218
16.264555901643618
15.916663175424489
15.493019259702043
16.137234088962153
15.67012646931973
16.114656815214925
16.100474068060606
16.321653056910716
16.66485811740726
16.674812680777428
15.444666361139319
16.766383292585104
15.753260230334551
16.690236719528951
17.300769581672657
16.311238364801092
15.217324389428676
16.690472157321096
15.235325859627437
15.659749035482893
16.121457684430524
16.383481335012224
16.775561407017424
16.800023153542185
16.67342969913717
16.626040630993639
17.400908268129516
16.525412598414622
17.398699084666571
15.987259135761859
17.905641939747294
17.52961634955005
16.913895583842155
16.099548335891001
17.177809805607072
16.878093366557316
17.893359597193776
16.906601812257904
16.820925709935807
16.217564973741339
16.39846361053219
15.461107833321758
15.539959938247231
15.75786731969869
16.251741595552971
16.254760282272684
16.249743098953587
16.197329593409407
15.995535721374438
15.929221334478058
16.454291655593419
16.567126320035111
16.38343877957049
16.423654987490764
16.439495331816566
16.590670801461521
16.751499375344206
16.907170188850046
16.43634073095231
16.74616693799317
16.491103925600704
16.968833583681999
17.379174127815677
17.317276148339062
17.1194000678524
17.17591272080082
17.497120728246955
17.665278558510309
18.337233351235113
18.64413572364354
16.982223973684416
16.711573360369126
18.01164000742979
18.562413495764567
17.644683829452351
17.909907373156539
18.158168130265882
18.609426773085165
16.811489565273728
16.381992298391271
16.88228119790174
16.09786215458843
16.812654343170358
17.601764419089051
18.965655289419214
19.09507457704586
19.221678715807936
19.545161660392836
19.14648826431063
19.259702041855672
18.010524018429763
18.942541886712362
17.120055970323552
16.551593072564486
16.158829515745257
17.125851225507297
18.116891532144912
21.483832270440342
21.607324880106972
21.244553542089704
20.008402496148651
20.997094151208138
21.374127510961159
20.717519699971241
20.955738916459218
22.166868907427048
21.805338367370418
22.762592095543038
22.457347081898622
21.80999905001817
