0.92017753194571261
0.96175965930713536
0.95433686607980883
1.0027558696360317
0.92507575447977808
1.0676690907564244
1.043070770365722
0.95137715999652928
1.0134957432796261
0.90328241581423563
0.89999847215281248
0.98747467250953491
0.900042353188514
0.89557926604447591
0.79696121520475982
0.98220909162229653
0.99879116794247857
0.99133468639322286
0.97273623894684125
0.99493217784142418
0.94805954980894214
1.0706292503257344
0.89395414927263328
1.1943874386088165
1.0391332416138885
0.98675971034834165
1.110909968722166
0.92795822927730764
0.91527913950802109
1.0059954351841283
1.001097064542247
1.0559342974057471
0.82955718823497659
0.85063553204564624
0.90328241581423563
0.90880018921329819
0.86520169072569342
0.90328241581423563
0.99173561765421425
0.94193816554662169
0.98355432713351187
1.0852392900414822
0.98265401933309482
1.2486826518223784
1.1349664012238616
1.0423558082045479
0.94099437710350387
0.98099521423931346
0.9094374666027043
0.93869810836986134
2.1765801693689601
2.2699328366437519
2.2961562411126044
2.1673405237438148
2.2958763380561966
2.2118561300839064
2.3804262207223181
1.8854281343016839
2.1395829123106069
2.2314318406357279
1.9285913274956457
2.2745511954281654
1.9112161945172148
2.2751543616775582
2.0617788152085748
2.1577797171331254
2.3545272400820552
1.9246100133157704
2.3342189800158839
1.9892870551123225
2.5822566432929195
2.0880021012801731
2.3800354362008544
2.137382020128952
2.1068025020096677
2.1717595161925263
2.2308413320102094
2.4791071593721217
2.321311626429631
1.8352729462581099
1.9860473190677028
1.8976715123969383
2.0324842507611147
2.5048661555524068
2.3734053988854544
2.3697639584401058
2.2805951845212786
2.16070576054662
2.1433355230065247
2.1582589254227074
2.151439503251336
2.2533942360521348
2.0542444779816407
1.8805297418639966
2.1741773993457079
2.079959342483332
2.1556566366711007
2.1256807627552274
1.8815068805571544
2.1429779024846525
3.2446891176028627
2.737214137901776
2.8809534591103843
2.6958785415509432
2.9915248823794798
2.9542944690683841
2.5856173960512985
2.7220240695486297
2.7107245814915961
3.1633343178553037
2.7195928291485574
2.715018706982713
2.8403926895497449
2.8096716230421945
3.0884565220970321
2.9769407945777036
2.6552402571221125
2.9969046201980527
3.156989617108946
2.4391944153428424
2.998623405334957
2.78826906344917
2.8999990478086075
2.5844236479537583
2.8706481747386965
2.666182294560866
2.572102564230907
2.589679459024814
2.9044499046977794
2.4985117304467299
2.7538429321883129
2.784054437274289
2.9756062052662737
2.4008517733831534
2.4437524392274934
3.0010701213528233
3.1001140841619654
2.6601384469625144
2.5818991792026811
2.809193028805228
3.0759801585878788
2.8998470608378835
2.737214137901776
3.0425016151795861
3.1552742308917305
2.9404858859359031
2.6818808460634918
2.7458942891547751
3.0039568107117733
2.6429963027428554
