0.9201775319456984
0.9617596593071529
0.95433686607983437
1.002755869636069
0.92507575447977208
1.0676690907563784
1.0430707703657469
0.95137715999652595
1.0134957432796852
0.90328241581424273
0.89999847215276452
0.98747467250954757
0.90004235318854198
0.89557926604453364
0.79696121520467189
0.98220909162219971
0.99879116794243572
0.99133468639321354
0.97273623894677819
0.99493217784139754
0.94805954980890972
1.0706292503257206
0.89395414927264039
1.1943874386088327
1.0391332416139005
0.98675971034836185
1.1109099687221768
0.92795822927728144
0.91527913950799666
1.0059954351841578
1.0010970645422756
1.0559342974057269
0.82955718823491975
0.85063553204557341
0.90328241581424273
0.90880018921330397
0.86520169072565656
0.90328241581424273
0.99173561765427154
0.94193816554661525
0.9835543271335081
1.0852392900415828
0.98265401933313523
1.2486826518223946
1.1349664012238438
1.0423558082045794
0.94099437710346923
0.98099521423934632
0.909437466602669
0.93869810836986356
2.17658016936891
2.2699328366437439
2.2961562411125724
2.1673405237439018
2.2958763380562059
2.2118561300839517
2.3804262207223159
1.8854281343017856
2.1395829123105927
2.2314318406358171
1.9285913274957651
2.2745511954282009
1.9112161945172617
2.2751543616775791
2.0617788152086227
2.1577797171331006
2.3545272400821076
1.9246100133158
2.3342189800159461
1.9892870551123809
2.5822566432929568
2.0880021012801961
2.38003543620089
2.1373820201289679
2.1068025020096655
2.171759516192513
2.2308413320101956
2.4791071593721195
2.3213116264296634
1.8352729462581516
1.9860473190677739
1.8976715123970034
2.0324842507611556
2.5048661555524561
2.3734053988855179
2.3697639584401164
2.2805951845212591
2.1607057605466573
2.143335523006566
2.1582589254227837
2.1514395032514009
2.2533942360521513
2.0542444779816877
1.8805297418641
2.174177399345766
2.0799593424833613
2.155656636671142
2.1256807627552372
1.8815068805572455
2.1429779024846995
3.2446891176029107
2.7372141379018564
2.8809534591103754
2.6958785415509707
2.9915248823795157
2.9542944690683481
2.5856173960514344
2.7220240695485964
2.7107245814916268
3.1633343178552766
2.719592829148568
2.7150187069827547
2.8403926895497511
2.8096716230422949
3.0884565220971334
2.9769407945777386
2.6552402571221236
2.9969046201979701
3.1569896171089353
2.4391944153429157
2.9986234053349579
2.7882690634492571
2.8999990478085693
2.5844236479538014
2.8706481747386974
2.6661822945608256
2.5721025642309518
2.5896794590248522
2.9044499046978274
2.4985117304466882
2.7538429321882916
2.7840544372741802
2.9756062052663284
2.4008517733831711
2.4437524392275281
3.0010701213527966
3.1001140841619996
2.6601384469625247
2.581899179202725
2.8091930288052258
3.0759801585879081
2.8998470608378959
2.7372141379018564
3.0425016151796003
3.1552742308917523
2.9404858859359346
2.6818808460635521
2.7458942891548017
3.0039568107118124
2.6429963027429024
