labels 1 -1
1 0.968453 0.0315472
1 0.605202 0.394798
-1 0.250212 0.749788
1 0.916373 0.0836266
-1 0.237666 0.762334
-1 0.409999 0.590001
1 0.761114 0.238886
1 0.91659 0.0834096
1 0.937771 0.0622292
1 0.981461 0.0185392
1 0.516599 0.483401
1 0.852342 0.147658
-1 0.146053 0.853947
-1 0.371793 0.628207
-1 0.274282 0.725718
-1 0.103735 0.896265
1 0.978748 0.0212523
1 0.852008 0.147992
-1 0.176961 0.823039
-1 0.210914 0.789086
1 0.977866 0.0221341
-1 0.111324 0.888676
-1 0.228517 0.771483
-1 0.161729 0.838271
-1 0.122902 0.877098
-1 0.0632187 0.936781
-1 0.298103 0.701897
-1 0.0893071 0.910693
1 0.751249 0.248751
-1 0.115637 0.884363
1 0.73788 0.26212
1 0.727703 0.272297
-1 0.0293871 0.970613
1 0.96553 0.0344704
1 0.876195 0.123805
1 0.918265 0.0817351
1 0.922681 0.0773194
-1 0.143021 0.856979
-1 0.0976025 0.902397
-1 0.174217 0.825783
-1 0.40154 0.59846
-1 0.0489012 0.951099
-1 0.151241 0.848759
-1 0.0886377 0.911362
1 0.542312 0.457688
-1 0.0971038 0.902896
1 0.774365 0.225635
-1 0.320704 0.679296
1 0.93329 0.0667103
1 0.958838 0.0411621
1 0.843982 0.156018
-1 0.0218349 0.978165
-1 0.215469 0.784531
-1 0.0749981 0.925002
-1 0.0485037 0.951496
-1 0.0317303 0.96827
1 0.864693 0.135307
-1 0.0404544 0.959546
-1 0.267615 0.732385
1 0.819431 0.180569
-1 0.275254 0.724746
1 0.603378 0.396622
-1 0.0799721 0.920028
-1 0.0149987 0.985001
-1 0.284013 0.715987
1 0.951482 0.0485184
-1 0.359375 0.640625
-1 0.183159 0.816841
-1 0.130943 0.869057
-1 0.0949393 0.905061
1 0.926869 0.0731307
-1 0.168977 0.831023
-1 0.150856 0.849144
-1 0.125497 0.874503
-1 0.268626 0.731374
1 0.989031 0.0109691
1 0.604541 0.395459
-1 0.0182648 0.981735
-1 0.0355624 0.964438
-1 0.0470702 0.95293
1 0.898971 0.101029
1 0.784343 0.215657
1 0.896976 0.103024
-1 0.268028 0.731972
1 0.68285 0.31715
-1 0.305142 0.694858
-1 0.0706618 0.929338
1 0.717143 0.282857
-1 0.0280405 0.971959
1 0.869458 0.130542
-1 0.100109 0.899891
-1 0.131338 0.868662
1 0.96824 0.0317605
1 0.774392 0.225608
1 0.795457 0.204543
1 0.83672 0.16328
-1 0.392978 0.607022
1 0.566094 0.433906
-1 0.243686 0.756314
-1 0.0250394 0.974961
-1 0.0261947 0.973805
1 0.513173 0.486827
-1 0.0709249 0.929075
1 0.982053 0.0179468
1 0.876315 0.123685
1 0.671404 0.328596
-1 0.25094 0.74906
1 0.895175 0.104825
1 0.725715 0.274285
-1 0.0256924 0.974308
1 0.703607 0.296393
-1 0.0566874 0.943313
-1 0.171786 0.828214
-1 0.0268898 0.97311
-1 0.0688167 0.931183
-1 0.0341011 0.965899
1 0.665397 0.334603
1 0.980946 0.0190536
-1 0.0813798 0.91862
1 0.918567 0.081433
1 0.923933 0.0760669
1 0.95887 0.0411298
1 0.961533 0.0384666
-1 0.168913 0.831087
1 0.54567 0.45433
-1 0.0931585 0.906842
1 0.974894 0.0251065
-1 0.0712206 0.928779
-1 0.141208 0.858792
1 0.839665 0.160335
1 0.526427 0.473573
1 0.634811 0.365189
-1 0.142769 0.857231
1 0.917877 0.0821226
1 0.540609 0.459391
-1 0.237573 0.762427
-1 0.0938591 0.906141
1 0.682185 0.317815
-1 0.013793 0.986207
1 0.516583 0.483417
1 0.944686 0.0553144
-1 0.231853 0.768147
1 0.614097 0.385903
-1 0.373379 0.626621
1 0.572008 0.427992
1 0.980493 0.0195067
-1 0.271766 0.728234
1 0.876946 0.123054
1 0.868624 0.131376
-1 0.102807 0.897193
-1 0.0717225 0.928277
-1 0.0616335 0.938366
-1 0.0536719 0.946328
1 0.642374 0.357626
-1 0.0928611 0.907139
-1 0.012664 0.987336
1 0.949451 0.0505494
-1 0.118224 0.881776
-1 0.260109 0.739891
1 0.791678 0.208322
-1 0.353029 0.646971
-1 0.240117 0.759883
-1 0.0681689 0.931831
1 0.98414 0.0158601
-1 0.355343 0.644657
-1 0.243652 0.756348
-1 0.101095 0.898905
-1 0.215994 0.784006
-1 0.302779 0.697221
-1 0.142368 0.857632
-1 0.194412 0.805588
1 0.965797 0.0342032
1 0.903595 0.0964052
-1 0.163448 0.836552
-1 0.0394518 0.960548
1 0.774313 0.225687
1 0.994044 0.00595568
-1 0.336037 0.663963
1 0.755641 0.244359
-1 0.0816221 0.918378
-1 0.237679 0.762321
1 0.961981 0.038019
-1 0.475986 0.524014
-1 0.237521 0.762479
1 0.581019 0.418981
-1 0.362711 0.637289
1 0.945748 0.0542524
1 0.852658 0.147342
-1 0.315625 0.684375
1 0.933277 0.0667226
-1 0.218902 0.781098
1 0.860966 0.139034
-1 0.207054 0.792946
1 0.776325 0.223675
-1 0.23751 0.76249
-1 0.0738072 0.926193
-1 0.218837 0.781163
-1 0.053489 0.946511
-1 0.1086 0.8914
1 0.904639 0.0953607
1 0.568188 0.431812
1 0.882379 0.117621
1 0.952445 0.0475546
1 0.700471 0.299529
1 0.953123 0.046877
-1 0.146594 0.853406
-1 0.0842977 0.915702
1 0.645658 0.354342
1 0.745293 0.254707
-1 0.252055 0.747945
-1 0.380428 0.619572
-1 0.201442 0.798558
-1 0.0430337 0.956966
1 0.990288 0.00971223
-1 0.0569634 0.943037
-1 0.041081 0.958919
-1 0.0579876 0.942012
1 0.57694 0.42306
1 0.566892 0.433108
-1 0.0451563 0.954844
1 0.919194 0.0808063
1 0.931956 0.0680444
-1 0.101897 0.898103
1 0.984856 0.015144
-1 0.0610185 0.938982
-1 0.254345 0.745655
1 0.62635 0.37365
1 0.774439 0.225561
-1 0.0233108 0.976689
-1 0.0951091 0.904891
1 0.733676 0.266324
1 0.607847 0.392153
-1 0.192112 0.807888
1 0.774254 0.225746
1 0.926985 0.073015
1 0.982094 0.017906
-1 0.117863 0.882137
1 0.891735 0.108265
-1 0.206524 0.793476
-1 0.065662 0.934338
1 0.774365 0.225635
-1 0.196515 0.803485
-1 0.210822 0.789178
1 0.774309 0.225691
-1 0.318483 0.681517
1 0.854079 0.145921
1 0.83262 0.16738
-1 0.0706247 0.929375
-1 0.327012 0.672988
1 0.984585 0.0154153
1 0.826563 0.173437
-1 0.0674075 0.932592
1 0.506029 0.493971
-1 0.123319 0.876681
-1 0.0953664 0.904634
-1 0.173091 0.826909
-1 0.26688 0.73312
1 0.935516 0.0644841
-1 0.148554 0.851446
-1 0.237618 0.762382
-1 0.0411671 0.958833
1 0.977057 0.0229429
-1 0.194708 0.805292
-1 0.064675 0.935325
-1 0.274164 0.725836
-1 0.261528 0.738472
-1 0.167282 0.832718
-1 0.0996058 0.900394
-1 0.451767 0.548233
1 0.983204 0.0167964
