0.91811017976316966
-0.16921922238877896
-0.30246792846479664
0.90013978657436944
-0.43948604524006241
0.092097073237380478
0.36863207847169122
0.82357000098904898
0.79814845282932634
1.1722148099336955
0.071719462925696753
0.70994352861534304
-0.7662026123905834
-0.33517938792675306
-0.48144913465323702
-0.63952226122354539
1.2806686406495449
0.62515274510621688
-0.65066310446986952
-0.34438148032756732
1.3279692869707613
-0.97017355770888125
-0.625402515896754
-0.56582705331837868
-0.7531948103993118
-0.9688436855270055
-0.42258329903100722
-0.93920445779341399
0.32793514028828907
-0.71724733918182393
0.29144730091590798
0.4038188469344286
-1.2270059097715986
1.0102126619476914
0.71667230555684247
0.88392029244102321
0.97867477830850191
-0.78160815301952535
-0.77466013071673689
-0.65591061034254583
-0.058219137504537777
-0.95604287935591348
-0.62499899877127074
-0.64203034479474219
0.13330202133874947
-0.80343917159166578
0.33669971142619071
-0.37982481738006246
0.88160759570371194
1.0809148599721374
0.53778063409174148
-1.2987400569389935
-0.64551468711956916
-0.87020924393831489
-1.2247876456755571
-1.2090102845760047
0.60538986820517837
-0.92314139644276771
-0.36573127795677118
0.43162626315201935
-0.088936232424888573
0.20042460384185556
-0.90228584944387347
-1.4597916261852042
-0.43037656823255221
0.95218590378960277
-0.31363993728125639
-0.67344414954060206
-0.77692499351232502
-0.83792492107747396
0.95635333459401384
-0.6013176052123077
-0.69619846892469139
-0.66098415071802918
-0.31220787884355294
1.3788590253733548
0.037214528965031635
-1.3757430508764532
-1.22443558637561
-1.0915282117784555
0.83398808864607155
0.53767655438763295
0.82408025420639497
-0.54839184954479769
0.37630687021793729
-0.52729086842691153
-0.91176335278906961
0.15625119102486451
-1.3417062265504205
0.62337770543372351
-0.7494167850683624
-0.79751308586422009
1.1588767575850687
0.31300393137356597
0.5596412854001338
0.36435810887540176
-0.36886140706193293
0.19934703404642473
-0.28792662506591338
-1.2841756819047063
-1.2520686190514736
-0.0029967089477382913
-0.91574787613306352
1.290926602422241
0.62419167723459257
0.14340591251774004
-0.43313650936834769
0.70200776815742438
0.53802871065204361
-1.2782443901087746
0.18859256477704367
-1.0533331207352612
-0.66290051922601423
-1.2556299032399529
-1.0478408224473537
-1.298116587501049
0.25216189251497223
1.3117822294445074
-0.9445066505226829
0.79634008061951644
0.87163088773940878
0.88758472018690215
1.1705693866439475
-0.71925507498879249
-0.2777075946921439
-0.77137497885194328
1.3206733300185678
-1.0121403346864781
-0.66438875630927363
0.76602728790169783
-0.03331803026638902
0.17310935176691755
-0.67344661447563681
0.64421386385094115
0.086470970048913465
-0.55180397081341637
-0.81952126104823719
0.1556522409773563
-1.5170898565692092
0.20992318701785706
0.92739773071766507
-0.55530268238208613
0.14743309159469753
-0.2693071506627529
0.0053495150603781738
1.374836752104394
-0.38614100884090785
0.7465558780186754
0.66363830950767477
-0.85466107615077136
-0.98015083174378059
-0.99473607541264997
-1.1003445071569335
0.083606398380693836
-0.88100549320807575
-1.5048059178150792
1.0927230841489344
-0.93387541041287747
-0.39238230055808465
0.62467652549446562
-0.20021825456266207
-0.39531788070715157
-0.9812675119068075
1.393204332356313
-0.092110112451240234
-0.39975626744069093
-0.84077006902249973
-0.62487935868450473
-0.40844304075074334
-0.84155459048149739
-0.64228429615600147
1.0578488707587836
0.57054481710337801
-0.62419178874562364
-1.2546918311040081
0.34917834088574473
1.7461371105614063
-0.33897491620303022
0.44222840276573816
-0.84572059971490088
-0.45958167807120365
0.947291340736089
0.03698261072580955
-0.57891392874041703
-0.044759912855755868
-0.35502011280085277
1.0228979906398541
0.71073471923554887
-0.54483284425566181
0.99320379940690628
-0.45820022381311443
0.76041758152200689
-0.45387167289535757
0.40848469713360869
-0.47825220939812718
-1.0488818335504595
-0.55404870903921166
-1.0304973740916079
-0.74732775189082234
0.62511835675522676
0.175009918214033
0.61874208844581613
1.025667979870132
0.37847776517674259
0.96444894879213194
-0.64089827056123383
-0.91046269726206575
0.1971239200496111
0.40405453105420985
-0.62446163496321194
-0.30852400230279908
-0.62489358900506886
-1.1520202545189964
1.5789335804835665
-1.1569011120758974
-1.1725231781191907
-1.0385444948855156
0.22893679256592847
0.015127068301574731
-1.1223501749035352
0.92498154463812465
0.87805745685929626
-0.70882581972265513
1.4503175784580911
-0.91536774012611666
-0.39049529789227666
0.24975284953001164
0.41516394212342922
-1.3753076254017182
-0.87630695918959089
0.34273183613170732
0.18347749658705936
-0.6609019264932261
0.52970018289553789
0.8684094645013074
1.3757924394632397
-0.75564231103757074
0.79372994286672238
-0.62426003782416384
-1.0750501020037877
0.46386398649083393
-0.74655721984580925
-0.61804857439368033
0.16775582056539451
-0.42425313372810036
0.75642748129451132
0.5272661259755731
-0.88065776000896445
-0.35850745027766484
1.3748392550071995
0.63303542240502164
-1.0657446060676374
-0.19778587152122729
-0.63558391648172385
-0.71176959347054236
-0.62459767166840274
-0.34928428528972022
0.8738712435042757
-0.72184090237679843
-0.46162357618110939
-1.1857821835781532
1.317801548143029
-0.73474400866774214
-1.0233540060072626
-0.4213811559409022
-0.1721829566060924
-0.53105537263135449
-0.97641199496303654
-0.008188971410887369
1.2013508351470181
